MeshAnim
1
429
38
30
-0.03509009 -0.9019681 -0.4303738 0
0.04939013 -0.4316779 0.9006746 0
-0.9981628 0.01034853 0.05969594 0
-13.0948 78.05603 101.1766 1

3.49246E-09 -0.9612615 -0.2756373 0
0.2079117 -0.2696141 0.940256 0
-0.9781477 -0.05730825 0.1998576 0
-13.97942 70.86711 94.10098 1

-0.05206852 0.3572543 -0.932555 0
-0.03097743 -0.9339497 -0.3560591 0
-0.9981629 0.01034867 0.05969618 0
-13.10408 78.09393 101.0148 1

-0.05902654 -0.779233 -0.6239481 0
0.1172118 -0.6261244 0.7708631 0
-0.9913511 -0.02763274 0.1282933 0
-13.4569 73.27576 97.34896 1

0.9027131 -0.113353 0.4150425 0
-0.4298633 -0.1970784 0.8811238 0
-0.01808202 -0.9738127 -0.2266313 0
-13.33776 71.41864 99.99979 1

0.5651169 0.8204801 0.08633803 0
0.196933 -0.235781 0.9516437 0
0.8011623 -0.5207874 -0.2948241 0
-21.88067 72.49138 96.072 1

0.003862579 -0.944259 -0.3291804 0
0.1758954 -0.323409 0.9297677 0
-0.9844014 -0.0614926 0.1648416 0
-13.96289 66.8275 92.69273 1

0.2048151 0.56832 -0.7969056 0
0.7658724 0.4139332 0.4920397 0
0.6095035 -0.7111058 -0.3504816 0
-26.05997 66.42354 95.43349 1

0 -1 0 0
0 0 1 0
-1 0 0 0
-13.94637 60.70194 92.08167 1

0.2523777 0.6323908 -0.7323848 0
0.01748496 0.7537822 0.6568919 0
0.9674709 -0.1785906 0.1791805 0
-16.66751 61.29037 91.69091 1

-0.6496876 -0.2043061 0.7322327 0
0.7592965 -0.1274074 0.6381516 0
-0.03708627 0.9705804 0.2379037 0
-12.32112 71.47821 99.79207 1

0.003862564 -0.9897392 -0.142833 0
0.03261694 -0.1426334 0.989238 0
-0.9994605 -0.00847977 0.03173134 0
-13.94637 62.59332 92.08167 1

0.1278648 0.5259742 -0.8408399 0
0.7874095 0.4616283 0.4085057 0
0.6030191 -0.7143177 -0.3551311 0
-28.98121 58.3177 106.7996 1

-0.3486187 0.8181986 -0.4571832 0
0.04963269 0.503216 0.8627343 0
0.9359496 0.2780739 -0.2160398 0
-11.22522 61.29037 91.69091 1

0.01496901 0.92607 0.3770615 0
-0.1464465 -0.3710047 0.9170082 0
0.9891051 -0.06894606 0.1300662 0
-18.95907 55.54832 98.34091 1

0.1293678 0.002761006 -0.9915954 0
-0.0003591031 0.9999937 0.002740979 0
0.9915966 1.743436E-06 0.1293682 0
-19.10674 46.41237 94.62109 1

-0.2760949 0.5646765 0.7777619 0
0.3316562 -0.7035381 0.6285216 0
0.9020951 0.43148 0.006965455 0
-6.172731 73.41168 92.86251 1

-0.5264822 0.8474717 -0.06792977 0
-0.1138301 0.008915946 0.9934583 0
0.8425314 0.5307692 0.09177429 0
-4.13088 69.23563 87.1106 1

-0.5116034 0.8432423 -0.1649095 0
-0.1720699 0.08749345 0.9811957 0
0.841815 0.5303593 0.1003355 0
3.378241 57.14831 88.07947 1

0.01630778 0.7551236 0.6553785 0
0.2613975 -0.635891 0.7261657 0
0.9650939 0.1594721 -0.2077573 0
-8.059804 53.8612 95.84211 1

-0.1642233 0.002857864 -0.986418 0
0.0004696548 0.999998 0.002817154 0
0.9864234 -7.301569E-07 -0.1642238 0
-8.220684 46.41168 89.37661 1

0.1293678 0.002761006 -0.9915954 0
-0.0003591031 0.9999937 0.002740979 0
0.9915966 1.743436E-06 0.1293682 0
-19.10674 46.41237 94.62109 1

-0.1642233 0.002857864 -0.986418 0
0.0004696548 0.999998 0.002817154 0
0.9864234 -7.301569E-07 -0.1642238 0
-8.220684 46.41168 89.37661 1

-0.03509009 -0.9019681 -0.4303738 0
0.04939013 -0.4316779 0.9006746 0
-0.9981628 0.01034853 0.05969594 0
-13.0948 78.05603 101.1766 1

3.49246E-09 -0.9612615 -0.2756373 0
0.2079117 -0.2696141 0.940256 0
-0.9781477 -0.05730825 0.1998576 0
-13.97942 70.86711 94.10098 1

0.5651169 0.8204801 0.08633803 0
0.196933 -0.235781 0.9516437 0
0.8011623 -0.5207874 -0.2948241 0
-21.88067 72.49138 96.072 1

0.2048151 0.56832 -0.7969056 0
0.7658724 0.4139332 0.4920397 0
0.6095035 -0.7111058 -0.3504816 0
-26.05997 66.42354 95.43349 1

-0.3486187 0.8181986 -0.4571832 0
0.04963269 0.503216 0.8627343 0
0.9359496 0.2780739 -0.2160398 0
-11.22522 61.29037 91.69091 1

3.49246E-09 -0.9612615 -0.2756373 0
0.2079117 -0.2696141 0.940256 0
-0.9781477 -0.05730825 0.1998576 0
-13.97942 70.86711 94.10098 1

0 -1 0 0
0 0 1 0
-1 0 0 0
-13.94637 60.70194 92.08167 1

0.1278648 0.5259742 -0.8408399 0
0.7874095 0.4616283 0.4085057 0
0.6030191 -0.7143177 -0.3551311 0
-28.98121 58.3177 106.7996 1

-0.2760949 0.5646765 0.7777619 0
0.3316562 -0.7035381 0.6285216 0
0.9020951 0.43148 0.006965455 0
-6.172731 73.41168 92.86251 1

-0.5264822 0.8474717 -0.06792977 0
-0.1138301 0.008915946 0.9934583 0
0.8425314 0.5307692 0.09177429 0
-4.13088 69.23563 87.1106 1

0.003862564 -0.9897392 -0.142833 0
0.03261694 -0.1426334 0.989238 0
-0.9994605 -0.00847977 0.03173134 0
-13.94637 62.59332 92.08167 1

-0.5116034 0.8432423 -0.1649095 0
-0.1720699 0.08749345 0.9811957 0
0.841815 0.5303593 0.1003355 0
3.378241 57.14831 88.07947 1

-0.9981629 0.01034867 0.05969618 0
-0.05796228 0.1237359 -0.9906213 0
0.01763817 0.9922612 0.1229085 0
-12.71345 78.01208 107.5606 1

0.9981629 -0.01034841 -0.05969591 0
-0.05854233 0.08903147 -0.994307 0
0.01560456 0.995975 0.0882619 0
-12.88115 80.57458 104.3123 1

-0.5472251 -0.04855345 0.03979905 0
-0.04815393 0.1642304 -0.4617468 0
0.02335423 -0.3743516 -0.1355819 0
-12.41816 77.31458 108.3617 1

-0.03646119 -0.9020467 -0.4300951 0
0.05223836 -0.4315133 0.9005927 0
-0.9979688 0.01036921 0.06285495 0
-13.08841 78.04453 101.1797 1

1.490116E-08 -0.9611284 -0.2761014 0
0.2079115 -0.270068 0.9401258 0
-0.9781478 -0.05740467 0.1998297 0
-13.97946 70.85764 94.10294 1

-0.05494992 0.3590702 -0.9316918 0
-0.03223044 -0.933253 -0.3577709 0
-0.9979689 0.01036936 0.06285517 0
-13.09821 78.0824 101.018 1

-0.06007444 -0.7791553 -0.6239452 0
0.1183733 -0.6262243 0.7706044 0
-0.9911502 -0.02756482 0.1298513 0
-13.45695 73.26472 97.35208 1

0.9027691 -0.1131693 0.4149703 0
-0.4297621 -0.1976844 0.8810372 0
-0.01767316 -0.9737113 -0.2270991 0
-13.3378 71.40633 100.002 1

0.5647057 0.8207228 0.08672021 0
0.1970832 -0.2361462 0.9515216 0
0.801415 -0.520239 -0.2951046 0
-21.88125 72.47733 96.07491 1

0.003868239 -0.9441205 -0.3295777 0
0.1758955 -0.3237993 0.9296318 0
-0.9844013 -0.06156727 0.164814 0
-13.96291 66.81863 92.69299 1

0.2045221 0.5690557 -0.7964554 0
0.7656666 0.4139294 0.4923627 0
0.6098599 -0.7105193 -0.3510504 0
-26.05751 66.4077 95.43357 1

0 -1 0 0
0 0 1 0
-1 0 0 0
-13.94637 60.69311 92.08167 1

0.2524904 0.6316763 -0.7329621 0
0.01775831 0.7543532 0.6562287 0
0.9674363 -0.1787076 0.1792494 0
-16.66751 61.28155 91.69091 1

-0.6496904 -0.2043471 0.7322187 0
0.759294 -0.1274444 0.6381472 0
-0.03708644 0.9705669 0.2379588 0
-12.32117 71.466 99.79433 1

0.00386797 -0.9897304 -0.1428944 0
0.03261657 -0.1426945 0.9892292 0
-0.9994605 -0.008487033 0.03172968 0
-13.94637 62.5845 92.08167 1

0.1275928 0.526706 -0.8404227 0
0.7871791 0.4617014 0.4088664 0
0.6033769 -0.7137309 -0.3557024 0
-28.97457 58.29136 106.7933 1

-0.3488238 0.8177878 -0.4577614 0
0.04931279 0.5037805 0.8624232 0
0.93589 0.2782601 -0.2160579 0
-11.22522 61.28155 91.69091 1

0.01502696 0.9258236 0.3776636 0
-0.1464926 -0.37159 0.9167637 0
0.9890972 -0.06910104 0.1300424 0
-18.96009 55.54598 98.34616 1

0.1293832 0.002862245 -0.991593 0
-0.0003771335 0.9999933 0.002840906 0
0.9915943 6.698072E-06 0.1293837 0
-19.10834 46.41246 94.6204 1

-0.2758265 0.5641246 0.7782576 0
0.3318489 -0.7039953 0.6279077 0
0.9021062 0.4314563 0.006977074 0
-6.172754 73.39986 92.8649 1

-0.526502 0.8475423 -0.06688876 0
-0.1135007 0.007900566 0.9935045 0
0.8425633 0.5306724 0.0920378 0
-4.132888 69.2279 87.10933 1

-0.5116553 0.8434122 -0.1638778 0
-0.1717443 0.08649075 0.9813415 0
0.8418497 0.5302539 0.1005988 0
3.376509 57.13956 88.06335 1

0.01651816 0.754586 0.6559923 0
0.261469 -0.6365129 0.7255949 0
0.9650709 0.159536 -0.2078147 0
-8.057943 53.8561 95.84736 1

-0.1642847 0.003277361 -0.9864066 0
0.0005532503 0.9999967 0.003228396 0
0.9864131 -1.546741E-05 -0.1642855 0
-8.2209 46.41188 89.3758 1

0.1293832 0.002862245 -0.991593 0
-0.0003771335 0.9999933 0.002840906 0
0.9915943 6.698072E-06 0.1293837 0
-19.10834 46.41246 94.6204 1

-0.1642847 0.003277361 -0.9864066 0
0.0005532503 0.9999967 0.003228396 0
0.9864131 -1.546741E-05 -0.1642855 0
-8.2209 46.41188 89.3758 1

-0.03646119 -0.9020467 -0.4300951 0
0.05223836 -0.4315133 0.9005927 0
-0.9979688 0.01036921 0.06285495 0
-13.08841 78.04453 101.1797 1

1.490116E-08 -0.9611284 -0.2761014 0
0.2079115 -0.270068 0.9401258 0
-0.9781478 -0.05740467 0.1998297 0
-13.97946 70.85764 94.10294 1

0.5647057 0.8207228 0.08672021 0
0.1970832 -0.2361462 0.9515216 0
0.801415 -0.520239 -0.2951046 0
-21.88125 72.47733 96.07491 1

0.2045221 0.5690557 -0.7964554 0
0.7656666 0.4139294 0.4923627 0
0.6098599 -0.7105193 -0.3510504 0
-26.05751 66.4077 95.43357 1

-0.3488238 0.8177878 -0.4577614 0
0.04931279 0.5037805 0.8624232 0
0.93589 0.2782601 -0.2160579 0
-11.22522 61.28155 91.69091 1

1.490116E-08 -0.9611284 -0.2761014 0
0.2079115 -0.270068 0.9401258 0
-0.9781478 -0.05740467 0.1998297 0
-13.97946 70.85764 94.10294 1

0 -1 0 0
0 0 1 0
-1 0 0 0
-13.94637 60.69311 92.08167 1

0.1275928 0.526706 -0.8404227 0
0.7871791 0.4617014 0.4088664 0
0.6033769 -0.7137309 -0.3557024 0
-28.97457 58.29136 106.7933 1

-0.2758265 0.5641246 0.7782576 0
0.3318489 -0.7039953 0.6279077 0
0.9021062 0.4314563 0.006977074 0
-6.172754 73.39986 92.8649 1

-0.526502 0.8475423 -0.06688876 0
-0.1135007 0.007900566 0.9935045 0
0.8425633 0.5306724 0.0920378 0
-4.132888 69.2279 87.10933 1

0.00386797 -0.9897304 -0.1428944 0
0.03261657 -0.1426945 0.9892292 0
-0.9994605 -0.008487033 0.03172968 0
-13.94637 62.5845 92.08167 1

-0.5116553 0.8434122 -0.1638778 0
-0.1717443 0.08649075 0.9813415 0
0.8418497 0.5302539 0.1005988 0
3.376509 57.13956 88.06335 1

-0.9979689 0.01036936 0.06285517 0
-0.06105965 0.1256656 -0.9901922 0
0.01816639 0.9920187 0.1247771 0
-12.68701 77.98781 107.5623 1

0.9979689 -0.0103691 -0.06285492 0
-0.0616902 0.08884975 -0.9941329 0
0.01589312 0.9959911 0.08802939 0
-12.86481 80.56366 104.3143 1

-0.5470968 -0.04854081 0.04154084 0
-0.04961453 0.1641462 -0.461622 0
0.02292129 -0.3743767 -0.1355865 0
-12.38904 77.30438 108.3627 1

-0.03913245 -0.9021978 -0.429543 0
0.05766062 -0.4311949 0.9004145 0
-0.997569 0.01046772 0.06889497 0
-13.07604 78.0235 101.1847 1

3.515743E-08 -0.9609004 -0.2768939 0
0.2079107 -0.2708432 0.9399029 0
-0.978148 -0.05756924 0.1997815 0
-13.97953 70.84001 94.10629 1

-0.06043872 0.3621703 -0.9301506 0
-0.03468848 -0.9320532 -0.3606572 0
-0.9975691 0.01046785 0.06889521 0
-13.08682 78.0613 101.023 1

-0.06210269 -0.7790387 -0.6238924 0
0.1205744 -0.6263766 0.770139 0
-0.9907597 -0.02739775 0.1328318 0
-13.45702 73.24441 97.35741 1

0.9028721 -0.112813 0.4148436 0
-0.4295759 -0.1987418 0.8808902 0
-0.0169291 -0.9735374 -0.2279001 0
-13.33788 71.38383 100.0058 1

0.5639781 0.8211541 0.0873711 0
0.1973496 -0.2367624 0.9513136 0
0.801862 -0.5192776 -0.2955839 0
-21.8823 72.45145 96.0799 1

0.003876405 -0.9438779 -0.3302714 0
0.1758953 -0.324481 0.9293941 0
-0.9844013 -0.06169587 0.1647658 0
-13.96295 66.80203 92.69337 1

0.2040023 0.5703327 -0.7956751 0
0.7653022 0.4139376 0.4929224 0
0.6104913 -0.7094898 -0.3520336 0
-26.05318 66.37863 95.43375 1

0 -1 0 0
0 0 1 0
-1 0 0 0
-13.94637 60.67657 92.08167 1

0.2527001 0.6303551 -0.7340266 0
0.0182684 0.7554052 0.6550034 0
0.9673721 -0.1789289 0.1793754 0
-16.66751 61.265 91.69091 1

-0.649693 -0.2043834 0.7322065 0
0.7592921 -0.1274767 0.6381431 0
-0.03708658 0.970555 0.2380072 0
-12.32124 71.44367 99.79818 1

0.003875859 -0.9897175 -0.1429833 0
0.03261603 -0.1427831 0.9892164 0
-0.9994605 -0.008497609 0.03172725 0
-13.94637 62.56795 92.08167 1

0.1271105 0.5279747 -0.8396996 0
0.7867708 0.4618436 0.4094916 0
0.6040114 -0.7127008 -0.35669 0
-28.96283 58.24409 106.7823 1

-0.3492032 0.8170406 -0.4588051 0
0.04872254 0.5047981 0.8618615 0
0.9357793 0.2786106 -0.2160853 0
-11.22522 61.265 91.69091 1

0.01495051 0.9253498 0.3788266 0
-0.1465788 -0.3727455 0.9162807 0
0.9890857 -0.06922677 0.1300639 0
-18.96199 55.54144 98.35582 1

0.1294277 0.003153235 -0.9915864 0
-0.0004287213 0.9999927 0.003127694 0
0.9915885 2.060831E-05 0.1294284 0
-19.10949 46.41258 94.61858 1

-0.2753342 0.5631364 0.7791471 0
0.3322149 -0.7048061 0.6268037 0
0.902122 0.4314236 0.006975438 0
-6.172803 73.37788 92.86887 1

-0.5265448 0.847661 -0.06502087 0
-0.112889 0.006090775 0.993587 0
0.8426187 0.5305069 0.09248518 0
-4.136581 69.21323 87.10671 1

-0.511758 0.8437074 -0.1620263 0
-0.1711402 0.0847027 0.9816032 0
0.8419103 0.5300727 0.1010458 0
3.37343 57.1232 88.0341 1

0.0169297 0.7535371 0.6571864 0
0.2616013 -0.6377243 0.7244827 0
0.9650277 0.1596555 -0.2079227 0
-8.054498 53.84634 95.85683 1

-0.1643657 0.003840536 -0.9863913 0
0.0006879568 0.9999949 0.003776908 0
0.9863994 -5.798042E-05 -0.1643669 0
-8.221514 46.41247 89.3735 1

0.1294277 0.003153235 -0.9915864 0
-0.0004287213 0.9999927 0.003127694 0
0.9915885 2.060831E-05 0.1294284 0
-19.10949 46.41258 94.61858 1

-0.1643657 0.003840536 -0.9863913 0
0.0006879568 0.9999949 0.003776908 0
0.9863994 -5.798042E-05 -0.1643669 0
-8.221514 46.41247 89.3735 1

-0.03913245 -0.9021978 -0.429543 0
0.05766062 -0.4311949 0.9004145 0
-0.997569 0.01046772 0.06889497 0
-13.07604 78.0235 101.1847 1

3.515743E-08 -0.9609004 -0.2768939 0
0.2079107 -0.2708432 0.9399029 0
-0.978148 -0.05756924 0.1997815 0
-13.97953 70.84001 94.10629 1

0.5639781 0.8211541 0.0873711 0
0.1973496 -0.2367624 0.9513136 0
0.801862 -0.5192776 -0.2955839 0
-21.8823 72.45145 96.0799 1

0.2040023 0.5703327 -0.7956751 0
0.7653022 0.4139376 0.4929224 0
0.6104913 -0.7094898 -0.3520336 0
-26.05318 66.37863 95.43375 1

-0.3492032 0.8170406 -0.4588051 0
0.04872254 0.5047981 0.8618615 0
0.9357793 0.2786106 -0.2160853 0
-11.22522 61.265 91.69091 1

3.515743E-08 -0.9609004 -0.2768939 0
0.2079107 -0.2708432 0.9399029 0
-0.978148 -0.05756924 0.1997815 0
-13.97953 70.84001 94.10629 1

0 -1 0 0
0 0 1 0
-1 0 0 0
-13.94637 60.67657 92.08167 1

0.1271105 0.5279747 -0.8396996 0
0.7867708 0.4618436 0.4094916 0
0.6040114 -0.7127008 -0.35669 0
-28.96283 58.24409 106.7823 1

-0.2753342 0.5631364 0.7791471 0
0.3322149 -0.7048061 0.6268037 0
0.902122 0.4314236 0.006975438 0
-6.172803 73.37788 92.86887 1

-0.5265448 0.847661 -0.06502087 0
-0.112889 0.006090775 0.993587 0
0.8426187 0.5305069 0.09248518 0
-4.136581 69.21323 87.10671 1

0.003875859 -0.9897175 -0.1429833 0
0.03261603 -0.1427831 0.9892164 0
-0.9994605 -0.008497609 0.03172725 0
-13.94637 62.56795 92.08167 1

-0.511758 0.8437074 -0.1620263 0
-0.1711402 0.0847027 0.9816032 0
0.8419103 0.5300727 0.1010458 0
3.37343 57.1232 88.0341 1

-0.9975691 0.01046785 0.06889521 0
-0.06697682 0.1289626 -0.9893855 0
0.01924165 0.9915945 0.127948 0
-12.63626 77.94492 107.5644 1

0.9975691 -0.01046761 -0.06889493 0
-0.06770421 0.08849855 -0.9937729 0
0.01649973 0.9960212 0.08757453 0
-12.83327 80.54372 104.317 1

-0.5468386 -0.04848427 0.04487132 0
-0.05239764 0.1639847 -0.4613718 0
0.02207189 -0.374427 -0.1355887 0
-12.33322 77.28587 108.3636 1

-0.04299936 -0.9024137 -0.4287189 0
0.0654636 -0.4307385 0.9000994 0
-0.9969279 0.01063822 0.07759669 0
-13.05814 77.99361 101.1915 1

7.450581E-08 -0.9605833 -0.277992 0
0.2079095 -0.2719175 0.939593 0
-0.9781482 -0.05779725 0.1997143 0
-13.97962 70.81479 94.11092 1

-0.06832021 0.3663408 -0.9279694 0
-0.03829897 -0.9304199 -0.3644885 0
-0.996928 0.01063835 0.07759689 0
-13.07032 78.03133 101.0298 1

-0.06503599 -0.7788844 -0.6237861 0
0.1237365 -0.6265796 0.7694721 0
-0.9901815 -0.02714172 0.1371266 0
-13.45711 73.21547 97.3648 1

0.9030175 -0.1122965 0.4146667 0
-0.4293101 -0.200219 0.8806853 0
-0.01587377 -0.9732943 -0.229011 0
-13.33797 71.35187 100.0111 1

0.5629557 0.8217589 0.08827282 0
0.1977239 -0.237612 0.9510239 0
0.8024876 -0.5179309 -0.2962472 0
-21.88377 72.4146 96.08684 1

0.003886928 -0.9435382 -0.3312406 0
0.1758947 -0.3254337 0.9290611 0
-0.9844014 -0.06187466 0.1646984 0
-13.96299 66.77826 92.69386 1

0.2032705 0.5721118 -0.7945846 0
0.7647897 0.4139549 0.4937024 0
0.6113768 -0.7080457 -0.3534013 0
-26.04709 66.33731 95.43402 1

0 -1 0 0
0 0 1 0
-1 0 0 0
-13.94637 60.65287 92.08167 1

0.2529986 0.6284687 -0.7355397 0
0.0189985 0.7569001 0.6532545 0
0.9672799 -0.1792466 0.1795547 0
-16.66751 61.2413 91.69091 1

-0.6496946 -0.2044155 0.7321959 0
0.7592903 -0.1275054 0.6381394 0
-0.0370867 0.9705445 0.23805 0
-12.32133 71.41194 99.8035 1

0.003886076 -0.9897009 -0.143098 0
0.03261531 -0.1428975 0.9891999 0
-0.9994604 -0.008511291 0.03172409 0
-13.94637 62.54425 92.08167 1

0.1264313 0.5297414 -0.8386888 0
0.7861966 0.4620477 0.410363 0
0.6049007 -0.711256 -0.3580637 0
-28.9463 58.17738 106.767 1

-0.3497432 0.8159796 -0.4602798 0
0.04788076 0.5062346 0.8610657 0
0.9356213 0.2791133 -0.2161218 0
-11.22522 61.2413 91.69091 1

0.01475018 0.9246647 0.3805035 0
-0.1467025 -0.3744234 0.9155765 0
0.9890702 -0.06932568 0.1301277 0
-18.9647 55.53486 98.36956 1

0.1294989 0.003613651 -0.9915755 0
-0.0005099624 0.9999909 0.003581345 0
0.9915792 4.221499E-05 0.1294998 0
-19.11022 46.41277 94.61578 1

-0.2746329 0.5617413 0.7804006 0
0.3327405 -0.7059439 0.6252425 0
0.9021417 0.4313819 0.006961916 0
-6.172883 73.34645 92.87429 1

-0.5266072 0.8478202 -0.06238472 0
-0.1120152 0.003542542 0.9936983 0
0.8426964 0.5302752 0.09310377 0
-4.141849 69.19211 87.10287 1

-0.5119056 0.8441156 -0.1594129 0
-0.1702774 0.08218452 0.9819673 0
0.8419954 0.529819 0.101664 0
3.369053 57.09981 87.99265 1

0.01752681 0.7520145 0.6589126 0
0.2617901 -0.6394764 0.7228683 0
0.9649662 0.1598271 -0.2080778 0
-8.049594 53.83228 95.87022 1

-0.1644647 0.004531503 -0.9863717 0
0.0008684993 0.999992 0.004447341 0
0.986383 -0.0001253337 -0.1644668 0
-8.222501 46.41343 89.36986 1

0.1294989 0.003613651 -0.9915755 0
-0.0005099624 0.9999909 0.003581345 0
0.9915792 4.221499E-05 0.1294998 0
-19.11022 46.41277 94.61578 1

-0.1644647 0.004531503 -0.9863717 0
0.0008684993 0.999992 0.004447341 0
0.986383 -0.0001253337 -0.1644668 0
-8.222501 46.41343 89.36986 1

-0.04299936 -0.9024137 -0.4287189 0
0.0654636 -0.4307385 0.9000994 0
-0.9969279 0.01063822 0.07759669 0
-13.05814 77.99361 101.1915 1

7.450581E-08 -0.9605833 -0.277992 0
0.2079095 -0.2719175 0.939593 0
-0.9781482 -0.05779725 0.1997143 0
-13.97962 70.81479 94.11092 1

0.5629557 0.8217589 0.08827282 0
0.1977239 -0.237612 0.9510239 0
0.8024876 -0.5179309 -0.2962472 0
-21.88377 72.4146 96.08684 1

0.2032705 0.5721118 -0.7945846 0
0.7647897 0.4139549 0.4937024 0
0.6113768 -0.7080457 -0.3534013 0
-26.04709 66.33731 95.43402 1

-0.3497432 0.8159796 -0.4602798 0
0.04788076 0.5062346 0.8610657 0
0.9356213 0.2791133 -0.2161218 0
-11.22522 61.2413 91.69091 1

7.450581E-08 -0.9605833 -0.277992 0
0.2079095 -0.2719175 0.939593 0
-0.9781482 -0.05779725 0.1997143 0
-13.97962 70.81479 94.11092 1

0 -1 0 0
0 0 1 0
-1 0 0 0
-13.94637 60.65287 92.08167 1

0.1264313 0.5297414 -0.8386888 0
0.7861966 0.4620477 0.410363 0
0.6049007 -0.711256 -0.3580637 0
-28.9463 58.17738 106.767 1

-0.2746329 0.5617413 0.7804006 0
0.3327405 -0.7059439 0.6252425 0
0.9021417 0.4313819 0.006961916 0
-6.172883 73.34645 92.87429 1

-0.5266072 0.8478202 -0.06238472 0
-0.1120152 0.003542542 0.9936983 0
0.8426964 0.5302752 0.09310377 0
-4.141849 69.19211 87.10287 1

0.003886076 -0.9897009 -0.143098 0
0.03261531 -0.1428975 0.9891999 0
-0.9994604 -0.008511291 0.03172409 0
-13.94637 62.54425 92.08167 1

-0.5119056 0.8441156 -0.1594129 0
-0.1702774 0.08218452 0.9819673 0
0.8419954 0.529819 0.101664 0
3.369053 57.09981 87.99265 1

-0.996928 0.01063835 0.07759689 0
-0.07549269 0.1334025 -0.9881828 0
0.02086426 0.9910049 0.1321896 0
-12.56308 77.88558 107.5665 1

0.996928 -0.01063812 -0.07759662 0
-0.07636674 0.08799547 -0.9931895 0
0.01739402 0.9960639 0.08691254 0
-12.7877 80.51542 104.3202 1

-0.5464324 -0.04838713 0.0496691 0
-0.05640246 0.163754 -0.4609814 0
0.02083824 -0.3744997 -0.1355828 0
-12.25276 77.25958 108.364 1

-0.0479544 -0.9026864 -0.4276179 0
0.07545391 -0.430161 0.8995935 0
-0.9959955 0.01087401 0.08873931 0
-13.03517 77.95554 101.1997 1

1.229346E-07 -0.9601825 -0.2793731 0
0.2079079 -0.2732685 0.9392013 0
-0.9781486 -0.05808399 0.1996294 0
-13.97973 70.78256 94.11676 1

-0.0783749 0.3713684 -0.9251721 0
-0.0430155 -0.928422 -0.369029 0
-0.9959956 0.01087412 0.08873956 0
-13.04915 77.99316 101.0382 1

-0.06879842 -0.7786932 -0.623621 0
0.1277809 -0.6268315 0.7686055 0
-0.9894133 -0.02680805 0.1426272 0
-13.45722 73.17856 97.37408 1

0.9032018 -0.1116315 0.4144453 0
-0.4289702 -0.2020845 0.8804247 0
-0.01453014 -0.9729851 -0.2304094 0
-13.33809 71.31116 100.0177 1

0.5616595 0.8225228 0.08940872 0
0.1981981 -0.2386772 0.9506584 0
0.8032788 -0.5162258 -0.2970785 0
-21.88563 72.3676 96.09553 1

0.003899639 -0.9431074 -0.3324649 0
0.1758939 -0.3266371 0.9286388 0
-0.9844015 -0.0620999 0.1646131 0
-13.96305 66.74788 92.69445 1

0.2023405 0.5743535 -0.7932036 0
0.7641404 0.4139794 0.494687 0
0.6124967 -0.7062144 -0.3551228 0
-26.03937 66.28465 95.43431 1

0 -1 0 0
0 0 1 0
-1 0 0 0
-13.94637 60.62257 92.08167 1

0.2533773 0.6260577 -0.7374631 0
0.01993206 0.7587997 0.6510192 0
0.9671621 -0.1796526 0.1797839 0
-16.66751 61.21101 91.69091 1

-0.6496961 -0.2044442 0.7321866 0
0.7592891 -0.1275309 0.6381356 0
-0.03708666 0.9705352 0.2380884 0
-12.32145 71.37153 99.81019 1

0.003898463 -0.9896808 -0.1432368 0
0.03261444 -0.1430359 0.98918 0
-0.9994604 -0.008527871 0.03172027 0
-13.94637 62.51395 92.08167 1

0.1255678 0.5319672 -0.8374087 0
0.7854685 0.4623072 0.4114636 0
0.6060256 -0.7094237 -0.3597928 0
-28.92531 58.09276 106.7476 1

-0.3504301 0.8146259 -0.4621512 0
0.04680601 0.5080565 0.8600512 0
0.9354185 0.2797562 -0.2161676 0
-11.22522 61.21101 91.69091 1

0.01443623 0.9237845 0.3826472 0
-0.1468607 -0.376576 0.914668 0
0.9890515 -0.06940016 0.1302313 0
-18.96814 55.52646 98.38702 1

0.1295942 0.004223287 -0.9915608 0
-0.0006172657 0.9999887 0.004181921 0
0.9915668 7.040799E-05 0.1295955 0
-19.11056 46.41305 94.6121 1

-0.2737378 0.5599684 0.7819875 0
0.3334123 -0.7073815 0.6232568 0
0.9021659 0.4313321 0.006937262 0
-6.172984 73.3063 92.88107 1

-0.5266849 0.8480117 -0.05903724 0
-0.1108993 0.0003112853 0.9938297 0
0.8427954 0.529981 0.09388056 0
-4.148565 69.16508 87.09791 1

-0.5120922 0.8446226 -0.1560934 0
-0.1691754 0.07899021 0.9824196 0
0.8421041 0.529497 0.1024399 0
3.363447 57.07005 87.93994 1

0.0182941 0.7500551 0.6611212 0
0.2620309 -0.6417182 0.7207913 0
0.9648864 0.1600479 -0.2082772 0
-8.043359 53.81427 95.88722 1

-0.1645803 0.005332023 -0.9863484 0
0.001088947 0.9999878 0.005222142 0
0.9863634 -0.0002147406 -0.1645837 0
-8.223836 46.41476 89.36507 1

0.1295942 0.004223287 -0.9915608 0
-0.0006172657 0.9999887 0.004181921 0
0.9915668 7.040799E-05 0.1295955 0
-19.11056 46.41305 94.6121 1

-0.1645803 0.005332023 -0.9863484 0
0.001088947 0.9999878 0.005222142 0
0.9863634 -0.0002147406 -0.1645837 0
-8.223836 46.41476 89.36507 1

-0.0479544 -0.9026864 -0.4276179 0
0.07545391 -0.430161 0.8995935 0
-0.9959955 0.01087401 0.08873931 0
-13.03517 77.95554 101.1997 1

1.229346E-07 -0.9601825 -0.2793731 0
0.2079079 -0.2732685 0.9392013 0
-0.9781486 -0.05808399 0.1996294 0
-13.97973 70.78256 94.11676 1

0.5616595 0.8225228 0.08940872 0
0.1981981 -0.2386772 0.9506584 0
0.8032788 -0.5162258 -0.2970785 0
-21.88563 72.3676 96.09553 1

0.2023405 0.5743535 -0.7932036 0
0.7641404 0.4139794 0.494687 0
0.6124967 -0.7062144 -0.3551228 0
-26.03937 66.28465 95.43431 1

-0.3504301 0.8146259 -0.4621512 0
0.04680601 0.5080565 0.8600512 0
0.9354185 0.2797562 -0.2161676 0
-11.22522 61.21101 91.69091 1

1.229346E-07 -0.9601825 -0.2793731 0
0.2079079 -0.2732685 0.9392013 0
-0.9781486 -0.05808399 0.1996294 0
-13.97973 70.78256 94.11676 1

0 -1 0 0
0 0 1 0
-1 0 0 0
-13.94637 60.62257 92.08167 1

0.1255678 0.5319672 -0.8374087 0
0.7854685 0.4623072 0.4114636 0
0.6060256 -0.7094237 -0.3597928 0
-28.92531 58.09276 106.7476 1

-0.2737378 0.5599684 0.7819875 0
0.3334123 -0.7073815 0.6232568 0
0.9021659 0.4313321 0.006937262 0
-6.172984 73.3063 92.88107 1

-0.5266849 0.8480117 -0.05903724 0
-0.1108993 0.0003112853 0.9938297 0
0.8427954 0.529981 0.09388056 0
-4.148565 69.16508 87.09791 1

0.003898463 -0.9896808 -0.1432368 0
0.03261444 -0.1430359 0.98918 0
-0.9994604 -0.008527871 0.03172027 0
-13.94637 62.51395 92.08167 1

-0.5120922 0.8446226 -0.1560934 0
-0.1691754 0.07899021 0.9824196 0
0.8421041 0.529497 0.1024399 0
3.363447 57.07005 87.93994 1

-0.9959956 0.01087412 0.08873956 0
-0.08638316 0.138762 -0.9865515 0
0.02304156 0.9902662 0.1372669 0
-12.46935 77.81194 107.5679 1

0.9959956 -0.01087391 -0.08873928 0
-0.08745904 0.08735908 -0.9923304 0
0.01854291 0.9961173 0.08605801 0
-12.72929 80.47934 104.3236 1

-0.545851 -0.0482532 0.05581174 0
-0.06152764 0.1634624 -0.4604289 0
0.01925316 -0.3745923 -0.1355614 0
-12.14972 77.22604 108.3633 1

-0.05388778 -0.9030076 -0.4262313 0
0.08743683 -0.429479 0.898834 0
-0.9947114 0.01116785 0.1020998 0
-13.0076 77.90993 101.2094 1

1.934823E-07 -0.9597034 -0.2810144 0
0.2079059 -0.274874 0.9387331 0
-0.9781491 -0.05842474 0.199528 0
-13.97985 70.74393 94.12369 1

-0.09038068 0.3770399 -0.921777 0
-0.04879014 -0.9261296 -0.3740365 0
-0.9947115 0.01116793 0.1021 0
-13.02374 77.94743 101.048 1

-0.07331344 -0.7784663 -0.6233898 0
0.1326291 -0.6271302 0.7675397 0
-0.9884505 -0.0264087 0.1492244 0
-13.45735 73.13435 97.3851 1

0.9034201 -0.1108302 0.4141844 0
-0.4285618 -0.2043065 0.8801107 0
-0.01292232 -0.9726127 -0.232072 0
-13.33823 71.26244 100.0255 1

0.560111 0.8234298 0.09076168 0
0.1987636 -0.2399401 0.9502224 0
0.8042197 -0.5141901 -0.2980617 0
-21.88783 72.31129 96.10582 1

0.003914385 -0.942592 -0.3339233 0
0.1758929 -0.3280708 0.9281335 0
-0.9844017 -0.06236783 0.1645111 0
-13.96311 66.71146 92.69514 1

0.2012268 0.5770174 -0.7915516 0
0.7633648 0.4140065 0.49586 0
0.613829 -0.7040235 -0.3571665 0
-26.03011 66.22164 95.4346 1

0 -1 0 0
0 0 1 0
-1 0 0 0
-13.94637 60.58625 92.08167 1

0.2538274 0.6231623 -0.7397569 0
0.02105262 0.7610644 0.6483349 0
0.9670204 -0.180139 0.1800597 0
-16.66751 61.17468 91.69091 1

-0.6496972 -0.2044704 0.7321783 0
0.7592883 -0.1275541 0.6381322 0
-0.03708685 0.9705264 0.2381233 0
-12.32159 71.32316 99.81812 1

0.003912869 -0.9896573 -0.143398 0
0.03261342 -0.1431965 0.9891568 0
-0.9994604 -0.00854714 0.03171581 0
-13.94637 62.47763 92.08167 1

0.1245337 0.5346127 -0.8358771 0
0.784599 0.4626143 0.4127758 0
0.6073641 -0.7072317 -0.3618456 0
-28.90018 57.99175 106.7244 1

-0.3512496 0.8130013 -0.4643847 0
0.0455168 0.5102291 0.8588334 0
0.9351748 0.2805275 -0.2162229 0
-11.22522 61.17468 91.69091 1

0.01401893 0.9227247 0.3852114 0
-0.1470507 -0.3791558 0.913571 0
0.9890293 -0.06945286 0.1303719 0
-18.97223 55.51642 98.40785 1

0.1297113 0.004962742 -0.9915419 0
-0.0007469505 0.9999852 0.004910946 0
0.9915515 0.0001039207 0.1297134 0
-19.11053 46.41347 94.60763 1

-0.2726644 0.5578461 0.7838772 0
0.3342166 -0.7090908 0.6208789 0
0.9021934 0.431275 0.006902978 0
-6.173111 73.25819 92.88908 1

-0.5267739 0.8482254 -0.05503687 0
-0.1095619 -0.003547564 0.9939718 0
0.8429147 0.5296267 0.09480244 0
-4.156632 69.13265 87.09194 1

-0.5123118 0.8452132 -0.1521251 0
-0.1678541 0.075174 0.9829456 0
0.8422349 0.5291095 0.1033609 0
3.356644 57.03457 87.87692 1

0.01921658 0.7476954 0.6637629 0
0.2623191 -0.6444 0.7182896 0
0.9647903 0.1603145 -0.2085179 0
-8.035917 53.79269 95.9075 1

-0.1647117 0.006225735 -0.9863212 0
0.001344174 0.9999827 0.006085604 0
0.9863412 -0.0003235191 -0.1647167 0
-8.225494 46.41646 89.35928 1

0.1297113 0.004962742 -0.9915419 0
-0.0007469505 0.9999852 0.004910946 0
0.9915515 0.0001039207 0.1297134 0
-19.11053 46.41347 94.60763 1

-0.1647117 0.006225735 -0.9863212 0
0.001344174 0.9999827 0.006085604 0
0.9863412 -0.0003235191 -0.1647167 0
-8.225494 46.41646 89.35928 1

-0.05388778 -0.9030076 -0.4262313 0
0.08743683 -0.429479 0.898834 0
-0.9947114 0.01116785 0.1020998 0
-13.0076 77.90993 101.2094 1

1.934823E-07 -0.9597034 -0.2810144 0
0.2079059 -0.274874 0.9387331 0
-0.9781491 -0.05842474 0.199528 0
-13.97985 70.74393 94.12369 1

0.560111 0.8234298 0.09076168 0
0.1987636 -0.2399401 0.9502224 0
0.8042197 -0.5141901 -0.2980617 0
-21.88783 72.31129 96.10582 1

0.2012268 0.5770174 -0.7915516 0
0.7633648 0.4140065 0.49586 0
0.613829 -0.7040235 -0.3571665 0
-26.03011 66.22164 95.4346 1

-0.3512496 0.8130013 -0.4643847 0
0.0455168 0.5102291 0.8588334 0
0.9351748 0.2805275 -0.2162229 0
-11.22522 61.17468 91.69091 1

1.934823E-07 -0.9597034 -0.2810144 0
0.2079059 -0.274874 0.9387331 0
-0.9781491 -0.05842474 0.199528 0
-13.97985 70.74393 94.12369 1

0 -1 0 0
0 0 1 0
-1 0 0 0
-13.94637 60.58625 92.08167 1

0.1245337 0.5346127 -0.8358771 0
0.784599 0.4626143 0.4127758 0
0.6073641 -0.7072317 -0.3618456 0
-28.90018 57.99175 106.7244 1

-0.2726644 0.5578461 0.7838772 0
0.3342166 -0.7090908 0.6208789 0
0.9021934 0.431275 0.006902978 0
-6.173111 73.25819 92.88908 1

-0.5267739 0.8482254 -0.05503687 0
-0.1095619 -0.003547564 0.9939718 0
0.8429147 0.5296267 0.09480244 0
-4.156632 69.13265 87.09194 1

0.003912869 -0.9896573 -0.143398 0
0.03261342 -0.1431965 0.9891568 0
-0.9994604 -0.00854714 0.03171581 0
-13.94637 62.47763 92.08167 1

-0.5123118 0.8452132 -0.1521251 0
-0.1678541 0.075174 0.9829456 0
0.8422349 0.5291095 0.1033609 0
3.356644 57.03457 87.87692 1

-0.9947115 0.01116793 0.1021 0
-0.09942099 0.1448168 -0.9844513 0
0.0257801 0.9893956 0.1429406 0
-12.35697 77.72611 107.5682 1

0.9947115 -0.01116774 -0.1020998 0
-0.1007603 0.0866079 -0.9911341 0
0.01991162 0.9961796 0.08502448 0
-12.65925 80.4361 104.3268 1

-0.5450625 -0.04808656 0.06317551 0
-0.06767088 0.1631186 -0.4596884 0
0.01735003 -0.3747019 -0.1355156 0
-12.02618 77.18581 108.3609 1

-0.06068802 -0.9033688 -0.4245484 0
0.1012157 -0.4287095 0.8977547 0
-0.9930117 0.01151195 0.1174527 0
-12.97591 77.85748 101.2201 1

2.700835E-07 -0.9591513 -0.2828931 0
0.2079036 -0.2767118 0.9381936 0
-0.9781494 -0.05881477 0.199411 0
-13.97999 70.69948 94.13162 1

-0.1041154 0.3831438 -0.9178024 0
-0.05556714 -0.923617 -0.3792678 0
-0.9930118 0.01151201 0.1174529 0
-12.99453 77.89484 101.059 1

-0.07850404 -0.7782045 -0.6230847 0
0.1382021 -0.6274741 0.7662745 0
-0.9872878 -0.02595597 0.1568087 0
-13.4575 73.08351 97.39771 1

0.9036681 -0.1099045 0.4138898 0
-0.4280903 -0.2068536 0.8797452 0
-0.01107342 -0.9721792 -0.2339758 0
-13.33838 71.20642 100.0344 1

0.5583313 0.8244653 0.0923149 0
0.1994123 -0.241383 0.9497209 0
0.8052959 -0.5118501 -0.2991808 0
-21.89034 72.24652 96.11755 1

0.003931001 -0.9419979 -0.3355954 0
0.1758918 -0.3297145 0.927551 0
-0.9844018 -0.06267466 0.1643936 0
-13.96318 66.66954 92.69592 1

0.199943 0.5800639 -0.7896479 0
0.7624738 0.4140338 0.4972062 0
0.6153539 -0.7014992 -0.3595014 0
-26.01945 66.14922 95.43484 1

0 -1 0 0
0 0 1 0
-1 0 0 0
-13.94637 60.54445 92.08167 1

0.2543399 0.6198227 -0.7423819 0
0.02234372 0.7636546 0.6452385 0
0.9668566 -0.1806975 0.1803787 0
-16.66751 61.13288 91.69091 1

-0.6496979 -0.2044949 0.7321709 0
0.7592878 -0.1275757 0.6381283 0
-0.03708676 0.9705184 0.238156 0
-12.32174 71.26756 99.82718 1

0.003929133 -0.9896309 -0.1435798 0
0.03261228 -0.1433778 0.9891306 0
-0.9994603 -0.00856889 0.03171077 0
-13.94637 62.43583 92.08167 1

0.1233414 0.5376384 -0.8341115 0
0.7835992 0.4629616 0.4142823 0
0.6088957 -0.704706 -0.3641908 0
-28.8712 57.87587 106.6974 1

-0.3521876 0.8111265 -0.4669455 0
0.0440315 0.5127181 0.8574274 0
0.934893 0.2814149 -0.216288 0
-11.22522 61.13288 91.69091 1

0.01350842 0.9215005 0.3881486 0
-0.1472695 -0.3821151 0.9123018 0
0.9890038 -0.06948619 0.1305471 0
-18.97688 55.50494 98.43169 1

0.1298479 0.00581187 -0.9915194 0
-0.0008953065 0.9999806 0.005747885 0
0.9915333 0.0001416504 0.1298509 0
-19.11015 46.41407 94.60249 1

-0.2714269 0.5554034 0.7860383 0
0.3351392 -0.7110445 0.6181412 0
0.9022243 0.4312113 0.006859835 0
-6.173258 73.20281 92.89821 1

-0.5268691 0.8484519 -0.05044127 0
-0.1080227 -0.007978544 0.9941147 0
0.8430538 0.5292156 0.09585641 0
-4.165929 69.09535 87.08509 1

-0.5125574 0.8458726 -0.1475642 0
-0.1663331 0.07079028 0.9835297 0
0.8423871 0.5286603 0.1044134 0
3.348711 56.99404 87.80452 1

0.02027897 0.7449717 0.6667868 0
0.2626504 -0.6474701 0.7154018 0
0.9646782 0.1606241 -0.2087971 0
-8.0274 53.76792 95.93075 1

-0.1648575 0.0071944 -0.9862901 0
0.001628131 0.9999762 0.007020205 0
0.9863164 -0.0004485399 -0.1648649 0
-8.227456 46.41855 89.3527 1

0.1298479 0.00581187 -0.9915194 0
-0.0008953065 0.9999806 0.005747885 0
0.9915333 0.0001416504 0.1298509 0
-19.11015 46.41407 94.60249 1

-0.1648575 0.0071944 -0.9862901 0
0.001628131 0.9999762 0.007020205 0
0.9863164 -0.0004485399 -0.1648649 0
-8.227456 46.41855 89.3527 1

-0.06068802 -0.9033688 -0.4245484 0
0.1012157 -0.4287095 0.8977547 0
-0.9930117 0.01151195 0.1174527 0
-12.97591 77.85748 101.2201 1

2.700835E-07 -0.9591513 -0.2828931 0
0.2079036 -0.2767118 0.9381936 0
-0.9781494 -0.05881477 0.199411 0
-13.97999 70.69948 94.13162 1

0.5583313 0.8244653 0.0923149 0
0.1994123 -0.241383 0.9497209 0
0.8052959 -0.5118501 -0.2991808 0
-21.89034 72.24652 96.11755 1

0.199943 0.5800639 -0.7896479 0
0.7624738 0.4140338 0.4972062 0
0.6153539 -0.7014992 -0.3595014 0
-26.01945 66.14922 95.43484 1

-0.3521876 0.8111265 -0.4669455 0
0.0440315 0.5127181 0.8574274 0
0.934893 0.2814149 -0.216288 0
-11.22522 61.13288 91.69091 1

2.700835E-07 -0.9591513 -0.2828931 0
0.2079036 -0.2767118 0.9381936 0
-0.9781494 -0.05881477 0.199411 0
-13.97999 70.69948 94.13162 1

0 -1 0 0
0 0 1 0
-1 0 0 0
-13.94637 60.54445 92.08167 1

0.1233414 0.5376384 -0.8341115 0
0.7835992 0.4629616 0.4142823 0
0.6088957 -0.704706 -0.3641908 0
-28.8712 57.87587 106.6974 1

-0.2714269 0.5554034 0.7860383 0
0.3351392 -0.7110445 0.6181412 0
0.9022243 0.4312113 0.006859835 0
-6.173258 73.20281 92.89821 1

-0.5268691 0.8484519 -0.05044127 0
-0.1080227 -0.007978544 0.9941147 0
0.8430538 0.5292156 0.09585641 0
-4.165929 69.09535 87.08509 1

0.003929133 -0.9896309 -0.1435798 0
0.03261228 -0.1433778 0.9891306 0
-0.9994603 -0.00856889 0.03171077 0
-13.94637 62.43583 92.08167 1

-0.5125574 0.8458726 -0.1475642 0
-0.1663331 0.07079028 0.9835297 0
0.8423871 0.5286603 0.1044134 0
3.348711 56.99404 87.80452 1

-0.9930118 0.01151201 0.1174529 0
-0.1143772 0.1513445 -0.9818419 0
0.02907884 0.9884142 0.1489701 0
-12.22788 77.63027 107.5665 1

0.9930118 -0.01151184 -0.1174527 0
-0.1160472 0.0857607 -0.9895344 0
0.02146441 0.9962492 0.08382533 0
-12.5788 80.3863 104.3296 1

-0.5440326 -0.04789163 0.07163537 0
-0.07472873 0.1627309 -0.4587317 0
0.01516267 -0.3748255 -0.135436 0
-11.88423 77.13941 108.3563 1

-0.06824255 -0.9037622 -0.4225594 0
0.1165914 -0.4278691 0.8962892 0
-0.9908327 0.01189826 0.1345698 0
-12.94056 77.79884 101.2318 1

3.667083E-07 -0.9585315 -0.2849863 0
0.2079011 -0.2787594 0.9375877 0
-0.97815 -0.05924933 0.1992797 0
-13.98015 70.64979 94.14046 1

-0.1193594 0.3894695 -0.9132729 0
-0.06327733 -0.9209625 -0.3844788 0
-0.9908327 0.01189829 0.1345701 0
-12.96195 77.83605 101.0709 1

-0.08429294 -0.7779087 -0.6226977 0
0.1444205 -0.6278609 0.7648094 0
-0.9859196 -0.02546233 0.1652703 0
-13.45766 73.02669 97.41174 1

0.9039417 -0.1088663 0.4135671 0
-0.4275613 -0.2096939 0.87933 0
-0.009006912 -0.9716876 -0.236098 0
-13.33855 71.14384 100.0444 1

0.5563411 0.8256138 0.09405161 0
0.2001355 -0.2429875 0.9491593 0
0.8064933 -0.5092334 -0.3004193 0
-21.89309 72.17412 96.13053 1

0.003949335 -0.9413314 -0.3374601 0
0.1758905 -0.3315477 0.9268976 0
-0.984402 -0.06301665 0.1642618 0
-13.96325 66.6227 92.69678 1

0.1985033 0.5834526 -0.7875118 0
0.7614784 0.4140582 0.4987095 0
0.6170508 -0.6986691 -0.3620955 0
-26.00749 66.06831 95.43497 1

0 -1 0 0
0 0 1 0
-1 0 0 0
-13.94637 60.49774 92.08167 1

0.2549061 0.6160793 -0.745298 0
0.02378891 0.7665309 0.641767 0
0.9666731 -0.1813202 0.1807376 0
-16.66751 61.08617 91.69091 1

-0.6496983 -0.2045184 0.7321643 0
0.7592875 -0.1275965 0.6381247 0
-0.03708661 0.970511 0.2381874 0
-12.32191 71.20543 99.83724 1

0.003947102 -0.9896017 -0.1437806 0
0.03261102 -0.1435778 0.9891016 0
-0.9994603 -0.008592914 0.0317052 0
-13.94637 62.38912 92.08167 1

0.1220039 0.5410044 -0.8321292 0
0.7824818 0.4633423 0.4159657 0
0.6106001 -0.7018744 -0.3667967 0
-28.83871 57.74664 106.6671 1

-0.35323 0.809023 -0.4697988 0
0.04236857 0.515489 0.8558483 0
0.9345767 0.2824065 -0.2163633 0
-11.22522 61.08617 91.69091 1

0.01291489 0.9201278 0.3914119 0
-0.147514 -0.3854061 0.9108769 0
0.9889753 -0.06950259 0.1307543 0
-18.98203 55.49223 98.45817 1

0.1300016 0.00675115 -0.9914933 0
-0.001058802 0.9999747 0.006673694 0
0.9915131 0.000182502 0.1300057 0
-19.10944 46.41489 94.59677 1

-0.2700408 0.5526687 0.7884396 0
0.3361662 -0.7132147 0.6150759 0
0.9022583 0.4311412 0.006809097 0
-6.173422 73.14091 92.90833 1

-0.526966 0.8486816 -0.04530817 0
-0.1063024 -0.01292592 0.9942481 0
0.8432121 0.5287497 0.09702905 0
-4.176347 69.05367 87.07746 1

-0.5128222 0.8465859 -0.1424673 0
-0.1646319 0.06589331 0.9841562 0
0.8425604 0.5281518 0.1055844 0
3.339676 56.94909 87.72368 1

0.02146645 0.7419202 0.6701436 0
0.2630202 -0.6508784 0.7121661 0
0.964552 0.1609735 -0.209112 0
-8.017934 53.74031 95.95666 1

-0.1650171 0.008221447 -0.9862556 0
0.001935631 0.9999684 0.00801003 0
0.9862893 -0.0005873293 -0.1650273 0
-8.229707 46.42104 89.34549 1

0.1300016 0.00675115 -0.9914933 0
-0.001058802 0.9999747 0.006673694 0
0.9915131 0.000182502 0.1300057 0
-19.10944 46.41489 94.59677 1

-0.1650171 0.008221447 -0.9862556 0
0.001935631 0.9999684 0.00801003 0
0.9862893 -0.0005873293 -0.1650273 0
-8.229707 46.42104 89.34549 1

-0.06824255 -0.9037622 -0.4225594 0
0.1165914 -0.4278691 0.8962892 0
-0.9908327 0.01189826 0.1345698 0
-12.94056 77.79884 101.2318 1

3.667083E-07 -0.9585315 -0.2849863 0
0.2079011 -0.2787594 0.9375877 0
-0.97815 -0.05924933 0.1992797 0
-13.98015 70.64979 94.14046 1

0.5563411 0.8256138 0.09405161 0
0.2001355 -0.2429875 0.9491593 0
0.8064933 -0.5092334 -0.3004193 0
-21.89309 72.17412 96.13053 1

0.1985033 0.5834526 -0.7875118 0
0.7614784 0.4140582 0.4987095 0
0.6170508 -0.6986691 -0.3620955 0
-26.00749 66.06831 95.43497 1

-0.35323 0.809023 -0.4697988 0
0.04236857 0.515489 0.8558483 0
0.9345767 0.2824065 -0.2163633 0
-11.22522 61.08617 91.69091 1

3.667083E-07 -0.9585315 -0.2849863 0
0.2079011 -0.2787594 0.9375877 0
-0.97815 -0.05924933 0.1992797 0
-13.98015 70.64979 94.14046 1

0 -1 0 0
0 0 1 0
-1 0 0 0
-13.94637 60.49774 92.08167 1

0.1220039 0.5410044 -0.8321292 0
0.7824818 0.4633423 0.4159657 0
0.6106001 -0.7018744 -0.3667967 0
-28.83871 57.74664 106.6671 1

-0.2700408 0.5526687 0.7884396 0
0.3361662 -0.7132147 0.6150759 0
0.9022583 0.4311412 0.006809097 0
-6.173422 73.14091 92.90833 1

-0.526966 0.8486816 -0.04530817 0
-0.1063024 -0.01292592 0.9942481 0
0.8432121 0.5287497 0.09702905 0
-4.176347 69.05367 87.07746 1

0.003947102 -0.9896017 -0.1437806 0
0.03261102 -0.1435778 0.9891016 0
-0.9994603 -0.008592914 0.0317052 0
-13.94637 62.38912 92.08167 1

-0.5128222 0.8465859 -0.1424673 0
-0.1646319 0.06589331 0.9841562 0
0.8425604 0.5281518 0.1055844 0
3.339676 56.94909 87.72368 1

-0.9908327 0.01189829 0.1345701 0
-0.131022 0.1581212 -0.9786889 0
0.0329231 0.9873483 0.1551125 0
-12.08402 77.52654 107.5624 1

0.9908328 -0.01189815 -0.1345698 0
-0.1330938 0.08483568 -0.9874662 0
0.02316554 0.9963238 0.08247413 0
-12.48917 80.33057 104.3314 1

-0.542727 -0.04767292 0.08106475 0
-0.08259643 0.1623078 -0.4575308 0
0.01272518 -0.3749605 -0.1353135 0
-11.72601 77.08737 108.3487 1

-0.07643854 -0.9041799 -0.4202565 0
0.1333617 -0.4269738 0.8943757 0
-0.9881151 0.01231861 0.1532203 0
-12.90202 77.7347 101.2441 1

4.740432E-07 -0.9578491 -0.2872713 0
0.2078984 -0.2809945 0.9369208 0
-0.9781505 -0.05972369 0.1991352 0
-13.98032 70.59546 94.1501 1

-0.1358977 0.3958081 -0.9082226 0
-0.071834 -0.9182506 -0.3894299 0
-0.9881152 0.01231863 0.1532205 0
-12.92644 77.77174 101.0837 1

-0.09060278 -0.7775801 -0.6222216 0
0.151205 -0.6282886 0.7631451 0
-0.9843415 -0.02493996 0.1744987 0
-13.45784 72.96455 97.42705 1

0.9042361 -0.107728 0.4132213 0
-0.4269799 -0.2127957 0.8788671 0
-0.006746824 -0.9711398 -0.2384151 0
-13.33873 71.07544 100.0552 1

0.554162 0.8268591 0.09595444 0
0.2009252 -0.2447362 0.9485431 0
0.8077959 -0.5063671 -0.3017611 0
-21.89606 72.09493 96.14462 1

0.003969223 -0.9405987 -0.3394967 0
0.1758891 -0.3335499 0.9261792 0
