MeshAnim
1
60
64
30
1.41232E-06 -0.9998478 -0.01745138 0
1.323803E-06 -0.01745138 0.9998477 0
-0.9999998 -1.435207E-06 1.298955E-06 0
-5.318267 48.54823 91.54991 1

0.3763686 0.8236507 0.4242018 0
0.105799 0.416664 -0.9028836 0
-0.9204095 0.3846968 0.06967771 0
-6.005644 48.03212 91.5633 1

1.438539E-06 -0.9993628 -0.03569511 0
1.349819E-06 -0.03569512 0.9993627 0
-0.9999998 -1.485804E-06 1.29761E-06 0
-5.318265 47.44971 91.54237 1

1.413471E-06 -0.9998335 -0.01824849 0
1.324929E-06 -0.01824849 0.9998333 0
-0.9999998 -1.437414E-06 1.298915E-06 0
-5.318264 46.8638 91.53227 1

0 -1 0 0
-2.861022E-06 0 0.9999999 0
-0.9999999 0 -2.861022E-06 0
-5.318264 46.44267 91.53274 1

0.9999161 -0.01294237 -0.0004504885 0
1.425572E-06 0.03489931 -0.9993913 0
0.01295043 0.9993074 0.03489635 0
-5.375445 48.02396 91.56302 1

0.3763684 0.8236507 0.4242017 0
0.1057989 0.4166639 -0.9028836 0
-0.9204096 0.3846967 0.06967766 0
-6.005643 48.03212 91.5633 1

1.791955E-06 -0.9452595 -0.3263205 0
1.832619E-06 -0.3263206 0.9452593 0
-0.9999998 -2.291883E-06 1.147547E-06 0
-5.318267 48.23584 91.44207 1

1.41232E-06 -0.9998478 -0.01745138 0
1.323803E-06 -0.01745138 0.9998477 0
-0.9999998 -1.435207E-06 1.298955E-06 0
-5.318267 48.54823 91.54991 1

0.3266513 0.8546354 -0.4036069 0
-0.2148151 -0.3487231 -0.912276 0
-0.9204096 0.3846968 0.06967768 0
-6.387703 47.19601 91.13268 1

0.1077608 0.8882841 0.4464751 0
0.1385249 0.4312942 -0.8915145 0
-0.984479 0.157918 -0.07657278 0
-6.681943 46.35701 91.2295 1

-0.1540069 0.9734455 0.1693714 0
0.1059142 0.1866934 -0.976693 0
-0.9823769 -0.1324787 -0.1318536 0
-6.721506 46.03089 91.06558 1

0.3184847 0.9478701 -0.01047749 0
-0.7600612 0.2487447 -0.6003605 0
-0.5664575 0.1991692 0.7996607 0
-5.977447 45.85286 92.06056 1

0.3706154 0.9287864 7.093624E-08 0
1.033159E-07 3.514879E-08 -0.9999999 0
-0.9287863 0.3706155 -8.293182E-08 0
-6.261554 45.93864 91.54428 1

0.2450858 0.9368814 0.2493717 0
0.675959 0.01925646 -0.7366875 0
-0.6949908 0.3491168 -0.6285739 0
-6.030134 45.89661 90.95121 1

0.1991523 0.9576904 0.2077686 0
0.6759594 0.01925632 -0.7366873 0
-0.709519 0.2871561 -0.6435246 0
-6.242626 45.08433 90.735 1

-1.29352E-06 0.9335803 0.3583682 0
0.9999999 1.192093E-06 4.768371E-07 0
-1.12143E-08 0.3583682 -0.9335802 0
-5.318264 45.84247 90.71798 1

-1.289754E-06 0.8827325 0.4698761 0
0.9999999 1.198978E-06 4.794799E-07 0
-1.702607E-07 0.469876 -0.8827322 0
-5.318263 45.10103 90.43336 1

0.4501542 0.892951 7.78943E-08 0
1.033159E-07 3.514879E-08 -0.9999999 0
-0.8929507 0.4501542 -7.643371E-08 0
-6.555894 45.20101 91.54428 1

-0.05233696 0.8777731 0.4762103 0
-3.827905E-05 0.4768622 -0.8789786 0
-0.9986292 -0.04602127 -0.0249239 0
-5.318267 49.21121 91.048 1

0.2019448 0.9736695 -0.1057651 0
-0.9791613 0.203084 1.192108E-06 0
0.02148033 0.1035608 0.9943913 0
-5.417236 45.80068 92.29771 1

0.3201344 0.9472858 -0.01280818 0
-0.7600613 0.2487447 -0.6003605 0
-0.5655268 0.2019311 0.7996268 0
-6.239539 45.07283 92.06919 1

0.320955 0.9385793 -0.1267178 0
-0.9466651 0.3219541 -0.01308097 0
0.02851975 0.1241577 0.9918527 0
-5.597173 44.93312 92.39195 1

-0.4622347 0.8761947 0.1364643 0
0.05819109 0.1835312 -0.9812905 0
-0.8848463 -0.4456454 -0.1358211 0
-4.630889 48.03212 91.5633 1

-0.9999161 -0.01294532 -0.0004534774 0
1.425572E-06 0.03489934 -0.9993911 0
0.01295326 -0.9993073 -0.03489638 0
-5.261087 48.02396 91.56302 1

-0.4622343 0.8761948 0.1364641 0
0.05819117 0.183531 -0.9812904 0
-0.8848465 -0.445645 -0.1358211 0
-4.630889 48.03212 91.5633 1

-0.4249201 0.8915248 -0.1569291 0
0.1910225 -0.081145 -0.9782261 0
-0.8848465 -0.445645 -0.1358211 0
-4.161665 47.14268 91.42477 1

-0.1618327 0.7342124 0.6593506 0
-0.2271594 0.6224977 -0.7489299 0
-0.9603171 -0.270979 0.06604274 0
-3.788385 46.34103 91.29073 1

-0.3184878 0.9478691 -0.01047731 0
-0.7600598 -0.2487471 0.600361 0
0.5664576 0.1991712 0.7996604 0
-4.659164 45.85286 92.06056 1

-0.3706183 0.9287854 4.685091E-08 0
2.391328E-07 4.497906E-08 0.9999999 0
0.9287853 0.3706183 -2.387726E-07 0
-4.375064 45.93865 91.54428 1

-0.2450886 0.9368808 0.249372 0
0.6759586 -0.01925495 0.7366877 0
0.6949903 0.349119 -0.6285733 0
-4.606364 45.89661 90.95121 1

-0.2019475 0.9736688 -0.1057648 0
0.9791607 0.2030868 1.966936E-06 0
0.02148138 -0.1035604 -0.994391 0
-5.219264 45.80068 92.29771 1

-0.199155 0.9576899 0.2077689 0
0.6759583 -0.01925509 0.736688 0
0.7095192 0.2871584 -0.6435235 0
-4.39387 45.08433 90.735 1

-0.3201375 0.9472847 -0.01280801 0
-0.76006 -0.2487472 0.600361 0
0.5655269 0.201933 0.7996265 0
-4.397069 45.07283 92.06918 1

-0.450157 0.8929497 6.748303E-08 0
2.39133E-07 4.497907E-08 0.9999999 0
0.8929495 0.450157 -2.337808E-07 0
-4.080721 45.20101 91.54428 1

-0.3209503 0.9385466 -0.1269696 0
0.9466641 0.3219568 -0.01307922 0
0.02860329 -0.1243953 -0.9918203 0
-5.039324 44.93312 92.39195 1

0.07505722 0.9115072 0.4043784 0
-0.1775337 0.4112584 -0.8940633 0
-0.9812484 -0.004684791 0.1926913 0
-3.728971 46.07148 91.04867 1

0.5616929 0.6614147 -0.4970239 0
0.6445935 -0.7264512 -0.2382616 0
-0.5186528 -0.1865482 -0.8343861 0
-6.702392 46.37268 91.52151 1

-0.1115912 0.6080771 -0.7859968 0
-0.5650325 -0.6894689 -0.4531796 0
-0.8174876 0.3935426 0.4205218 0
-6.615358 46.2833 91.70123 1

0.04211075 0.7690278 -0.6378276 0
-0.5744051 -0.5037074 -0.6452432 0
-0.8174875 0.3935426 0.4205219 0
-6.594397 46.16908 91.84888 1

0.1323598 0.9025286 -0.4097854 0
0.8344806 -0.3245679 -0.4453068 0
-0.534905 -0.283017 -0.7961024 0
-6.92909 46.09208 91.8851 1

0.2865599 0.9324116 -0.2202122 0
0.8274269 -0.3567279 -0.4337168 0
-0.4829581 -0.05792354 -0.8737264 0
-7.074632 46.02526 91.62277 1

0.09563162 0.8127547 -0.5747051 0
-0.5679518 -0.4295989 -0.7020519 0
-0.8174875 0.3935426 0.4205219 0
-6.602307 46.02463 91.96868 1

0.1875475 0.9271678 -0.3243252 0
0.8344806 -0.3245679 -0.4453068 0
-0.5181392 -0.1871266 -0.8345755 0
-7.005454 46.06 91.75324 1

-0.2378749 0.9545621 -0.1795208 0
0.8107358 0.0933464 -0.5779226 0
-0.5349051 -0.2830171 -0.7961025 0
-6.954321 45.92004 91.96322 1

-0.1859789 0.9818303 0.03771077 0
0.8556658 0.1807075 -0.4849552 0
-0.4829581 -0.05792354 -0.8737264 0
-7.12851 45.84996 91.66418 1

-0.2314175 0.9700498 -0.07382876 0
0.8233941 0.1548819 -0.545925 0
-0.5181391 -0.1871266 -0.8345754 0
-7.045102 45.86399 91.82181 1

-0.6897084 0.6905109 0.2179396 0
0.4880364 0.6656553 -0.5645568 0
-0.5349051 -0.2830171 -0.7961025 0
-6.911016 45.74625 91.9959 1

-0.6365075 0.7084597 0.3048666 0
0.6013402 0.7033709 -0.3790252 0
-0.4829581 -0.0579236 -0.8737264 0
-7.093607 45.6657 91.6571 1

-0.6745616 0.6893069 0.2642413 0
0.5258314 0.6998863 -0.4833855 0
-0.5181392 -0.1871266 -0.8345754 0
-6.998437 45.66838 91.83669 1

-0.6468452 0.7056463 -0.2892314 0
-0.5900004 -0.7033485 -0.3964855 0
-0.4832087 -0.08581819 0.8712895 0
-3.752306 46.2838 91.57596 1

-0.08094378 0.9444674 -0.3184801 0
0.5966002 -0.2100558 -0.7745612 0
-0.7984459 -0.2527013 -0.5464669 0
-3.820269 46.14323 91.7292 1

-0.2361284 0.9663678 -0.1018661 0
0.5538296 0.04770196 -0.8312628 0
-0.7984459 -0.2527013 -0.5464671 0
-3.805064 45.96583 91.78902 1

0.1941417 0.9760552 0.09811053 0
-0.8378311 0.2170023 -0.5009485 0
-0.5102432 0.0150548 0.8598989 0
-3.480421 45.94435 91.84647 1

0.0623544 0.9613366 0.2682252 0
-0.8987973 0.1709264 -0.403668 0
-0.4339072 -0.2159097 0.8747047 0
-3.345193 45.96171 91.57102 1

0.1486263 0.9728375 0.1774771 0
-0.8630605 0.2152184 -0.4569547 0
-0.4827387 -0.08525808 0.8716047 0
-3.409394 45.95484 91.7083 1

-0.2868757 0.9576749 -0.02369912 0
0.5293261 0.1378458 -0.8371457 0
-0.7984459 -0.2527013 -0.546467 0
-3.760711 45.78431 91.80816 1

0.7940527 0.3923043 0.4643038 0
-0.3303517 0.9197124 -0.2121251 0
-0.5102431 0.0150548 0.8598989 0
-3.517428 45.75829 91.82777 1

0.8120596 0.3267893 0.4834955 0
-0.3902352 0.9201044 0.03353517 0
-0.4339072 -0.2159097 0.8747046 0
-3.356917 45.78096 91.52059 1

0.8069541 0.3433999 0.4805227 0
-0.340277 0.9353119 -0.09697305 0
-0.4827387 -0.0852581 0.8716047 0
-3.440815 45.74918 91.67078 1

0.6105067 -0.6978879 0.3744789 0
0.6057503 0.7160491 0.3469016 0
-0.5102432 0.01505483 0.8598989 0
-3.661988 45.68687 91.74325 1

0.712876 -0.6759601 0.1867784 0
0.5509376 0.7046003 0.4472206 0
-0.4339072 -0.2159097 0.8747047 0
-3.509318 45.71963 91.42985 1

0.6456748 -0.7070378 0.288447 0
0.591665 0.7020181 0.3963636 0
-0.4827387 -0.08525809 0.8716048 0
-3.603537 45.67994 91.57388 1

-0.6889728 0.7030151 -0.1763129 0
-0.6005405 -0.6899141 -0.4041899 0
-0.4057924 -0.1725929 0.897521 0
-3.572517 45.89911 91.66839 1

1.41407E-06 -0.9998459 -0.0175672 0
1.323967E-06 -0.01756721 0.9998457 0
-0.9999998 -1.43711E-06 1.298921E-06 0
-5.318267 48.54905 91.55227 1

0.373954 0.827291 0.4192238 0
0.1126511 0.4081557 -0.9059356 0
-0.9205802 0.3860042 0.05943628 0
-6.005645 48.03277 91.56481 1

1.440847E-06 -0.9993036 -0.03731689 0
1.352156E-06 -0.0373169 0.9993035 0
-0.9999998 -1.490302E-06 1.297445E-06 0
-5.318265 47.45054 91.54295 1

1.414881E-06 -0.9998152 -0.01922167 0
1.326306E-06 -0.01922167 0.9998151 0
-0.9999998 -1.440113E-06 1.298865E-06 0
-5.318264 46.86464 91.53227 1

0 -1 0 0
-2.861022E-06 0 0.9999999 0
-0.9999999 0 -2.861022E-06 0
-5.318264 46.44351 91.53274 1

0.999919 -0.01271028 -0.0004630871 0
1.423237E-06 0.03652106 -0.9993328 0
0.01271869 0.9992523 0.03651814 0
-5.375445 48.02476 91.56452 1

0.3739538 0.827291 0.4192236 0
0.112651 0.4081557 -0.9059356 0
-0.9205804 0.3860041 0.05943622 0
-6.005645 48.03277 91.56481 1

1.793479E-06 -0.9447286 -0.3278541 0
1.835528E-06 -0.3278542 0.9447284 0
-0.9999998 -2.296136E-06 1.146075E-06 0
-5.318267 48.23683 91.44392 1

1.41407E-06 -0.9998459 -0.0175672 0
1.323967E-06 -0.01756721 0.9998457 0
-0.9999998 -1.43711E-06 1.298921E-06 0
-5.318267 48.54905 91.55227 1

0.332236 0.8539996 -0.4003807 0
-0.2053069 -0.3488356 -0.9144195 0
-0.9205804 0.3860042 0.05943624 0
-6.385254 47.19297 91.13925 1

0.07863633 0.8915024 0.4461399 0
0.1492427 0.4319548 -0.8894619 0
-0.9856688 0.1365272 -0.0990827 0
-6.681702 46.35442 91.2332 1

-0.1324846 0.9763936 0.1705993 0
0.123873 0.1870775 -0.9745041 0
-0.9834142 -0.1079741 -0.1457335 0
-6.710572 46.02711 91.06941 1

0.318331 0.947924 -0.01026853 0
-0.7600665 0.2487415 -0.600355 0
-0.5665368 0.1989165 0.7996674 0
-5.977447 45.8537 92.06056 1

0.3703362 0.9288977 7.001879E-08 0
1.02985E-07 3.431984E-08 -0.9999999 0
-0.9288976 0.3703363 -8.295274E-08 0
-6.261554 45.93948 91.54428 1

0.2448468 0.9370002 0.2491611 0
0.675966 0.01925734 -0.7366812 0
-0.6950682 0.3487985 -0.628665 0
-6.030134 45.89745 90.95121 1

0.1988261 0.9578215 0.2074775 0
0.6759664 0.01925721 -0.736681 0
-0.7096038 0.2867191 -0.643626 0
-6.242419 45.08506 90.73518 1

-1.292475E-06 0.9337206 0.3580028 0
0.9999999 1.192093E-06 4.768371E-07 0
4.879143E-08 0.3580028 -0.9337204 0
-5.318264 45.84331 90.71798 1

-1.296072E-06 0.8829792 0.4694124 0
0.9999999 1.198979E-06 4.794774E-07 0
-1.10404E-07 0.4694124 -0.8829789 0
-5.318263 45.10176 90.43365 1

0.4497944 0.8931322 7.697429E-08 0
1.02985E-07 3.431984E-08 -0.9999999 0
-0.893132 0.4497944 -7.654239E-08 0
-6.555673 45.20176 91.54428 1

-0.04365321 0.8804327 0.4721581 0
-4.950574E-05 0.4726068 -0.8812736 0
-0.9990464 -0.0384938 -0.02058721 0
-5.318267 49.21209 91.05043 1

0.201837 0.9737165 -0.105539 0
-0.9791851 0.2029696 -9.834819E-06 0
0.02141179 0.1033442 0.9944153 0
-5.417236 45.80152 92.29771 1

0.3199297 0.9473586 -0.01252673 0
-0.7600666 0.2487416 -0.600355 0
-0.5656356 0.2015926 0.7996352 0
-6.239413 45.07362 92.06902 1

0.3207271 0.9387029 -0.126379 0
-0.9467461 0.3217171 -0.01305907 0
0.02839984 0.1238371 0.9918962 0
-5.597077 44.93392 92.39175 1

-0.462427 0.8752753 0.1416154 0
0.04531758 0.182841 -0.9820976 0
-0.8854984 -0.4477308 -0.124216 0
-4.630888 48.03277 91.56481 1

-0.999919 -0.012713 -0.0004660122 0
1.423237E-06 0.03652109 -0.9993328 0
0.01272152 -0.9992523 -0.03651814 0
-5.261087 48.02476 91.56452 1

-0.4624266 0.8752753 0.1416152 0
0.04531764 0.1828409 -0.9820976 0
-0.8854986 -0.4477305 -0.1242159 0
-4.630888 48.03277 91.56481 1

-0.4271425 0.8896217 -0.1616253 0
0.1828697 -0.09006106 -0.9790037 0
-0.8854986 -0.4477305 -0.1242159 0
-4.161469 47.14426 91.42106 1

-0.1271963 0.7471082 0.6524193 0
-0.2345647 0.6164474 -0.7516463 0
-0.9637429 -0.2486412 0.09683541 0
-3.788505 46.34175 91.29134 1

-0.3181248 0.9479963 -0.00998354 0
-0.7600722 -0.2487396 0.6003484 0
0.5666448 0.198574 0.7996762 0
-4.659164 45.8537 92.06056 1

-0.3701252 0.9289819 4.849574E-08 0
2.397885E-07 4.333344E-08 0.9999999 0
0.9289818 0.3701253 -2.387976E-07 0
-4.375064 45.93949 91.54428 1

-0.244771 0.937038 0.2490925 0
0.6759678 -0.01925638 0.7366791 0
0.695093 0.3486964 -0.6286941 0
-4.606364 45.89745 90.95121 1

-0.2017077 0.9737732 -0.1052614 0
0.9792136 0.2028322 -2.294765E-05 0
0.02132819 -0.103078 -0.9944445 0
-5.219264 45.80152 92.29771 1

-0.1987214 0.9578636 0.2073824 0
0.6759675 -0.01925652 0.7366795 0
0.7096318 0.2865778 -0.6436579 0
-4.394145 45.08503 90.73524 1

-0.3196524 0.9474571 -0.01214108 0
-0.7600724 -0.2487397 0.6003485 0
0.5657845 0.2011311 0.7996463 0
-4.397368 45.07356 92.06878 1

-0.4495203 0.8932702 6.908124E-08 0
2.397887E-07 4.333345E-08 0.9999999 0
0.89327 0.4495203 -2.336749E-07 0
-4.081113 45.20169 91.54428 1

-0.3204401 0.9388233 -0.1262124 0
0.9468451 0.3214265 -0.01303049 0
0.02833482 -0.123679 -0.9919175 0
-5.039538 44.93387 92.39151 1

0.0610167 0.9150956 0.3985943 0
-0.1937605 0.4026011 -0.8946337 0
-0.9791497 -0.02264426 0.2018748 0
-3.741806 46.06747 91.05181 1

0.5691763 0.6585326 -0.4923145 0
0.6448155 -0.7290177 -0.2296662 0
-0.5101482 -0.1867313 -0.8395713 0
-6.705323 46.37024 91.52497 1

-0.1001407 0.6067238 -0.7885801 0
-0.5622929 -0.6883745 -0.4582216 0
-0.820852 0.3975266 0.4100908 0
-6.620534 46.28099 91.70582 1

0.05268943 0.7676657 -0.6386809 0
-0.5687051 -0.5026551 -0.6510854 0
-0.8208522 0.3975266 0.4100909 0
-6.601724 46.16702 91.85394 1

0.1443382 0.8996525 -0.4120586 0
0.8372057 -0.3330122 -0.4338082 0
-0.5274967 -0.2823625 -0.8012605 0
-6.936857 46.09116 91.88667 1

0.289796 0.9317309 -0.2188515 0
0.8313969 -0.3583453 -0.4246976 0
-0.474128 -0.05887668 -0.8784852 0
-7.079752 46.02424 91.62292 1

0.1068335 0.8122167 -0.57349 0
-0.5610599 -0.4269392 -0.7091787 0
-0.820852 0.3975266 0.4100908 0
-6.611621 46.02282 91.97392 1

0.1929774 0.926263 -0.3237235 0
0.83847 -0.3270344 -0.4359089 0
-0.5096347 -0.1873116 -0.8397538 0
-7.011886 46.05904 91.75407 1

-0.2232006 0.9560803 -0.1899803 0
0.8197124 0.07862767 -0.5673528 0
-0.5274969 -0.2823626 -0.8012605 0
-6.964372 45.91967 91.96523 1

-0.1872073 0.9816882 0.03524432 0
0.8603232 0.1811692 -0.476468 0
-0.474128 -0.05887668 -0.8784852 0
-7.134239 45.84906 91.66407 1

-0.2296307 0.9702234 -0.07705408 0
0.8291816 0.1535638 -0.5374719 0
-0.5096346 -0.1873116 -0.8397537 0
-7.052681 45.86322 91.8225 1

-0.6806462 0.7048703 0.1996977 0
0.5083972 0.6507149 -0.5640059 0
-0.5274969 -0.2823627 -0.8012605 0
-6.923738 45.74561 91.99981 1

-0.6415356 0.7064657 0.298896 0
0.6030211 0.7052944 -0.3727266 0
-0.4741281 -0.05887665 -0.8784852 0
-7.099105 45.66483 91.65746 1

-0.6772919 0.6892568 0.2572962 0
0.530611 0.6998858 -0.478134 0
-0.5096345 -0.1873117 -0.8397537 0
-7.006376 45.66758 91.83804 1

-0.6510384 0.7006761 -0.2918939 0
-0.5910593 -0.7092462 -0.384212 0
-0.4762327 -0.07761009 0.8758878 0
-3.749968 46.28722 91.57677 1

-0.07566553 0.940058 -0.3325143 0
0.5909141 -0.2263323 -0.7743348 0
-0.803178 -0.2550779 -0.5383679 0
-3.816351 46.14815 91.73206 1

-0.2297869 0.9664142 -0.1150719 0
0.5496386 0.03128677 -0.8348164 0
-0.803178 -0.255078 -0.538368 0
-3.802139 45.97157 91.79451 1

0.1787769 0.980716 0.07896224 0
-0.84503 0.1941571 -0.4982242 0
-0.5039472 0.02234551 0.8634452 0
-3.475051 45.95149 91.84885 1

0.0546321 0.9657718 0.2535756 0
-0.9025444 0.1563933 -0.4011912 0
-0.4271165 -0.2069453 0.8801962 0
-3.342001 45.9662 91.57219 1

0.1394823 0.9769428 0.1616415 0
-0.868444 0.1991163 -0.4540455 0
-0.4757618 -0.07704529 0.8761934 0
-3.405122 45.96066 91.71002 1

-0.281296 0.9589933 -0.03471055 0
0.525145 0.123562 -0.8419948 0
-0.803178 -0.255078 -0.538368 0
-3.758976 45.79004 91.81613 1

0.7851774 0.4284001 0.4471798 0
-0.3599076 0.9033129 -0.2334364 0
-0.5039472 0.02234551 0.8634452 0
-3.50913 45.76454 91.8338 1

0.8082935 0.3489117 0.4742594 0
-0.4052565 0.914021 0.0182466 0
-0.4271165 -0.2069453 0.8801962 0
-3.352273 45.78462 91.52451 1

0.803406 0.3674258 0.4685479 0
-0.3580352 0.9268562 -0.1129084 0
-0.4757618 -0.07704529 0.8761934 0
-3.43461 45.75413 91.67585 1

0.6438901 -0.6565944 0.3927971 0
0.5757105 0.7539129 0.3165011 0
-0.5039472 0.02234551 0.8634452 0
-3.652075 45.68655 91.75239 1

0.7288727 -0.6548722 0.1997179 0
0.5350848 0.7268537 0.4305435 0
-0.4271165 -0.2069453 0.8801962 0
-3.503967 45.71914 91.43551 1

0.6654365 -0.6829568 0.3012701 0
0.5751906 0.7263842 0.3761937 0
-0.4757618 -0.07704529 0.8761934 0
-3.596616 45.68004 91.58137 1

-0.6922868 0.6991639 -0.1786305 0
-0.6016961 -0.6959258 -0.3919809 0
-0.3983725 -0.1638819 0.9024643 0
-3.56839 45.90405 91.67199 1

1.419147E-06 -0.99984 -0.01790319 0
1.324441E-06 -0.01790319 0.9998398 0
-0.9999998 -1.442631E-06 1.298821E-06 0
-5.318267 48.55146 91.55377 1

0.3714578 0.8315452 0.4129801 0
0.1182434 0.3988144 -0.9093768 0
-0.9208896 0.3866273 0.04981806 0
-6.005651 48.03475 91.56577 1

1.442298E-06 -0.999265 -0.03833707 0
1.353626E-06 -0.03833708 0.9992649 0
-0.9999998 -1.493132E-06 1.297338E-06 0
-5.318265 47.45297 91.54333 1

1.415824E-06 -0.9998025 -0.0198734 0
1.327228E-06 -0.01987341 0.9998024 0
-0.9999998 -1.441921E-06 1.298829E-06 0
-5.318264 46.86707 91.53227 1

0 -1 0 0
-2.861022E-06 0 0.9999999 0
-0.9999999 0 -2.861022E-06 0
-5.318264 46.44594 91.53274 1

0.9999273 -0.0120384 -0.0004508415 0
1.421767E-06 0.0375413 -0.9992952 0
0.01204682 0.9992229 0.0375386 0
-5.375445 48.02716 91.56549 1

0.3714577 0.8315451 0.4129799 0
0.1182434 0.3988144 -0.9093769 0
-0.9208897 0.3866273 0.04981802 0
-6.00565 48.03475 91.56577 1

1.794436E-06 -0.9443935 -0.3288184 0
1.837359E-06 -0.3288185 0.9443933 0
-0.9999998 -2.298811E-06 1.145145E-06 0
-5.318267 48.23935 91.4451 1

1.419147E-06 -0.99984 -0.01790319 0
1.324441E-06 -0.01790319 0.9998398 0
-0.9999998 -1.442631E-06 1.298821E-06 0
-5.318267 48.55146 91.55377 1

0.3371304 0.8540443 -0.396172 0
-0.1957175 -0.3480357 -0.916824 0
-0.9208897 0.3866272 0.04981803 0
-6.382725 47.19063 91.14655 1

0.053383 0.8925622 0.4477544 0
0.1600401 0.4349505 -0.8861187 0
-0.9856662 0.1189624 -0.1196265 0
-6.680766 46.35222 91.23671 1

-0.1099699 0.9780914 0.1767628 0
0.140987 0.1913937 -0.9713352 0
-0.9838849 -0.08189625 -0.1589455 0
-6.700365 46.02453 91.07232 1

0.3178824 0.948081 -0.009658149 0
-0.7600816 0.2487324 -0.6003397 0
-0.5667683 0.1981785 0.7996866 0
-5.977447 45.85613 92.06056 1

0.3695223 0.9292219 6.734498E-08 0
1.02023E-07 3.190326E-08 -0.9999999 0
-0.9292217 0.3695224 -8.301299E-08 0
-6.261554 45.94192 91.54428 1

0.2441505 0.9373444 0.2485479 0
0.6759867 0.01925998 -0.736662 0
-0.6952929 0.3478715 -0.62893 0
-6.030134 45.89988 90.95121 1

0.1978686 0.9582042 0.2066233 0
0.6759871 0.01925985 -0.7366618 0
-0.7098517 0.2854369 -0.6439226 0
-6.241815 45.0872 90.73572 1

-1.244737E-06 0.9341266 0.356942 0
0.9999999 1.192093E-06 2.384188E-07 0
-6.925598E-08 0.3569421 -0.9341265 0
-5.318264 45.84575 90.71798 1

-1.234355E-06 0.8836997 0.4680548 0
1 1.198982E-06 2.410512E-07 0
-2.212385E-07 0.4680548 -0.8836994 0
-5.318263 45.10387 90.4345 1

0.4487373 0.8936638 7.42923E-08 0
1.02023E-07 3.190326E-08 -0.9999999 0
-0.8936636 0.4487373 -7.685799E-08 0
-6.555026 45.20393 91.54428 1

-0.03505743 0.8835751 0.4669762 0
-9.531042E-05 0.4672605 -0.8841199 0
-0.999385 -0.03103948 -0.01629674 0
-5.318267 49.21468 91.05216 1

0.2015235 0.9738525 -0.1048802 0
-0.979254 0.2026368 -4.202152E-05 0
0.02121164 0.1027129 0.9944849 0
-5.417236 45.80396 92.29771 1

0.3193278 0.9475723 -0.01169886 0
-0.7600817 0.2487325 -0.6003398 0
-0.5659553 0.2005973 0.7996593 0
-6.239044 45.07592 92.06851 1

0.3200525 0.9390668 -0.1253817 0
-0.9469847 0.3210162 -0.01299441 0
0.02804692 0.1228935 0.9920235 0
-5.596798 44.93623 92.39117 1

-0.4620261 0.8747659 0.1460067 0
0.03331506 0.1816351 -0.9828021 0
-0.8862406 -0.4492155 -0.1130629 0
-4.630882 48.03475 91.56577 1

-0.9999275 -0.01204082 -0.0004536964 0
1.406865E-06 0.03754144 -0.9992957 0
0.01204966 -0.9992231 -0.03753863 0
-5.261087 48.02716 91.56549 1

-0.4620256 0.874766 0.1460066 0
0.03331513 0.181635 -0.9828021 0
-0.8862408 -0.4492151 -0.1130628 0
-4.630882 48.03475 91.56577 1

-0.4289334 0.887977 -0.1658744 0
0.1749104 -0.09850815 -0.9796447 0
-0.8862408 -0.4492151 -0.1130628 0
-4.16187 47.14676 91.41756 1

-0.09706575 0.7568781 0.6463087 0
-0.2421367 0.6119063 -0.7529554 0
-0.9653749 -0.229581 0.1238729 0
-3.789542 46.34333 91.29179 1

-0.3170813 0.9483597 -0.008563425 0
-0.7601069 -0.248719 0.6003131 0
0.567183 0.1968573 0.7997192 0
-4.659164 45.85614 92.06056 1

-0.3687029 0.9295473 5.323892E-08 0
2.416759E-07 3.858611E-08 0.9999999 0
0.9295472 0.368703 -2.388761E-07 0
-4.375064 45.94192 91.54428 1

-0.2438524 0.9374922 0.2482829 0
0.6759947 -0.01925964 0.7366543 0
0.6953896 0.347473 -0.6290433 0
-4.606364 45.89989 90.95121 1

-0.2010216 0.9740696 -0.1038203 0
0.979364 0.2021043 -9.399596E-05 0
0.02089105 -0.1016968 -0.9945959 0
-5.219264 45.80396 92.29771 1

-0.1974551 0.9583694 0.206252 0
0.6759944 -0.01925978 0.7366547 0
0.7099596 0.2848815 -0.6440493 0
-4.394941 45.08707 90.73595 1

-0.3182425 0.9479547 -0.01020152 0
-0.760107 -0.248719 0.6003132 0
0.5665323 0.1987995 0.7997 0
-4.398227 45.0757 92.06761 1

-0.4476646 0.8942018 7.368601E-08 0
2.416762E-07 3.858611E-08 0.9999999 0
0.8942015 0.4476646 -2.333804E-07 0
-4.082242 45.20368 91.54428 1

-0.31894 0.9396271 -0.1240095 0
0.9473743 0.3198688 -0.01288809 0
0.02755683 -0.1215939 -0.9921972 0
-5.040149 44.93604 92.39022 1

0.04530787 0.9167307 0.3969296 0
-0.2091284 0.3972376 -0.8935707 0
-0.9768383 -0.04252322 0.2097125 0
-3.753906 46.06545 91.05451 1

0.5744389 0.6584302 -0.4863027 0
0.6467638 -0.7292453 -0.22338 0
-0.5017136 -0.1862047 -0.8447554 0
-6.70751 46.36786 91.52821 1

-0.08909933 0.6071025 -0.789613 0
-0.5579799 -0.6871132 -0.4653323 0
-0.8250574 0.3991275 0.3999721 0
-6.624597 46.2785 91.70988 1

0.06294492 0.7683695 -0.6369043 0
-0.561532 -0.5003064 -0.6590718 0
-0.8250576 0.3991275 0.3999722 0
-6.607861 46.16447 91.8582 1

0.1528223 0.8989913 -0.4104401 0
0.8406599 -0.3366019 -0.4242529 0
-0.5195541 -0.280205 -0.8071858 0
-6.942823 46.08877 91.88747 1

0.2862707 0.9337319 -0.2149296 0
0.8367937 -0.3529077 -0.4186083 0
-0.466718 -0.06001625 -0.8823678 0
-7.083073 46.022 91.62225 1

0.1197909 0.8153158 -0.5664901 0
-0.5522051 -0.419474 -0.720494 0
-0.8250575 0.3991275 0.3999721 0
-6.619684 46.02014 91.97784 1

0.19362 0.9274629 -0.3198818 0
0.843393 -0.3239204 -0.4286776 0
-0.5011984 -0.1867854 -0.844933 0
-7.016521 46.05672 91.75409 1

-0.2133388 0.9573196 -0.1950042 0
0.8273755 0.07088879 -0.5571579 0
-0.5195542 -0.2802051 -0.8071858 0
-6.971955 45.9174 91.9657 1

-0.198613 0.9793242 0.03844285 0
0.8618165 0.1931919 -0.468988 0
-0.4667178 -0.06001623 -0.8823679 0
-7.136897 45.84645 91.66267 1

-0.2345938 0.9691892 -0.07509746 0
0.8329264 0.1605771 -0.5295744 0
-0.5011982 -0.1867853 -0.8449329 0
-7.057453 45.86065 91.82171 1

-0.6752716 0.713478 0.1869708 0
0.5235187 0.6422113 -0.5599048 0
-0.5195542 -0.2802051 -0.8071858 0
-6.933116 45.74312 92.00121 1

-0.655731 0.6929594 0.2997079 0
0.5934572 0.7184747 -0.3627711 0
-0.466718 -0.06001627 -0.8823678 0
-7.099623 45.66265 91.65545 1

-0.6856326 0.6814246 0.2560652 0
0.5279282 0.7076532 -0.469595 0
-0.5011983 -0.1867853 -0.8449329 0
-7.010147 45.66521 91.83685 1

-0.6533491 0.6979461 -0.2932697 0
-0.5938464 -0.7127489 -0.3732773 0
-0.4695547 -0.06972307 0.8801469 0
-3.748644 46.2913 91.57736 1

-0.06902884 0.9360017 -0.3451616 0
0.5840954 -0.2425643 -0.7745943 0
-0.8087446 -0.2550765 -0.5299703 0
-3.813824 46.15363 91.73441 1

-0.2223106 0.9667912 -0.1260699 0
0.5445276 0.01585961 -0.8385936 0
-0.8087445 -0.2550766 -0.5299702 0
-3.800858 45.97782 91.79924 1

0.1661468 0.9840838 0.06304985 0
-0.8515374 0.1754242 -0.4940763 0
-0.4972721 0.0283999 0.8671303 0
-3.471615 45.95807 91.85038 1

0.05280513 0.9690158 0.2412899 0
-0.9050362 0.1485592 -0.3985472 0
-0.422044 -0.1973306 0.8848394 0
-3.340673 45.97029 91.57259 1

0.1342909 0.9797519 0.1485033 0
-0.872885 0.1878959 -0.4502966 0
-0.4690817 -0.06915551 0.8804438 0
-3.402744 45.966 91.71095 1

-0.2765971 0.9601523 -0.04003226 0
0.519063 0.1142123 -0.8470718 0
-0.8087445 -0.2550766 -0.5299702 0
-3.7591 45.79622 91.82292 1

0.7771057 0.4589984 0.4306134 0
-0.3857819 0.8879837 -0.2503169 0
-0.4972721 0.0283999 0.8671303 0
-3.503287 45.77048 91.83836 1

0.807758 0.3612676 0.4658463 0
-0.4115893 0.9113436 0.00692461 0
-0.4220441 -0.1973307 0.8848393 0
-3.350601 45.7881 91.52722 1

0.8017197 0.3847921 0.4573635 0
-0.3704167 0.9204097 -0.1250556 0
-0.4690817 -0.06915558 0.8804438 0
-3.431134 45.75887 91.67956 1

0.6728102 -0.6184002 0.4060897 0
0.5477656 0.7853508 0.2884054 0
-0.4972721 0.0283999 0.8671303 0
-3.644761 45.68692 91.75996 1

0.7364784 -0.643784 0.2077081 0
0.5286572 0.7393267 0.4170349 0
-0.422044 -0.1973307 0.8848393 0
-3.502194 45.7203 91.4398 1

0.6797723 -0.6647076 0.3099582 0
0.5638016 0.743897 0.3588122 0
-0.4690817 -0.06915546 0.8804438 0
-3.592801 45.68128 91.58733 1

-0.6937354 0.6974549 -0.1796875 0
-0.604544 -0.6995003 -0.381085 0
-0.391481 -0.1557432 0.9069104 0
-3.566288 45.90903 91.67467 1

1.427294E-06 -0.9998302 -0.01844229 0
1.325204E-06 -0.01844229 0.9998301 0
-0.9999998 -1.451491E-06 1.298655E-06 0
-5.318267 48.55536 91.55448 1

0.3688911 0.8363224 0.405568 0
0.1226272 0.388737 -0.9131526 0
-0.9213481 0.3865871 0.04084564 0
-6.005659 48.03796 91.56622 1

1.442947E-06 -0.9992474 -0.03879404 0
1.354287E-06 -0.03879404 0.9992473 0
-0.9999998 -1.494399E-06 1.297288E-06 0
-5.318265 47.45687 91.54353 1

1.416331E-06 -0.9997955 -0.02022404 0
1.327726E-06 -0.02022404 0.9997954 0
-0.9999998 -1.442893E-06 1.29881E-06 0
-5.318264 46.87098 91.53227 1

0 -1 0 0
-2.861022E-06 0 0.9999999 0
-0.9999999 0 -2.861022E-06 0
-5.318264 46.44985 91.53274 1

0.9999399 -0.01096032 -0.0004153139 0
1.421108E-06 0.03799809 -0.9992782 0
0.01096846 0.9992181 0.03799576 0
-5.375445 48.03106 91.56596 1

0.3688909 0.8363222 0.4055679 0
0.1226271 0.3887369 -0.9131527 0
-0.9213482 0.386587 0.0408456 0
-6.005658 48.03796 91.56622 1

1.794864E-06 -0.944243 -0.3292503 0
1.83818E-06 -0.3292503 0.9442428 0
-0.9999998 -2.300009E-06 1.144728E-06 0
-5.318267 48.2433 91.44566 1

1.427294E-06 -0.9998302 -0.01844229 0
1.325204E-06 -0.01844229 0.9998301 0
-0.9999998 -1.451491E-06 1.298655E-06 0
-5.318267 48.55536 91.55448 1

0.3412994 0.854735 -0.3910806 0
-0.1860988 -0.3463804 -0.9194501 0
-0.9213482 0.3865871 0.04084558 0
-6.380128 47.18899 91.15452 1

0.03176208 0.8917703 0.4513733 0
0.1707964 0.4401165 -0.8815485 0
-0.9847945 0.1050925 -0.1383321 0
-6.679128 46.35044 91.24004 1

-0.08679245 0.9784161 0.1875367 0
0.1571398 0.1993361 -0.9672504 0
-0.9837554 -0.05448068 -0.1710489 0
-6.690789 46.02304 91.07433 1

0.3171571 0.9483334 -0.008671358 0
-0.7601057 0.2487179 -0.6003153 0
-0.5671423 0.1969855 0.7997161 0
-5.977447 45.86004 92.06056 1

0.3682089 0.9297432 6.303193E-08 0
1.004753E-07 2.800346E-08 -0.9999999 0
-0.9297429 0.3682089 -8.310508E-08 0
-6.261554 45.94582 91.54428 1

0.2430306 0.9378966 0.2475601 0
0.6760188 0.01926389 -0.7366323 0
-0.6956539 0.3463796 -0.6293541 0
-6.030134 45.90379 90.95121 1

0.1963137 0.9588221 0.2052345 0
0.6760192 0.01926375 -0.7366321 0
-0.7102526 0.2833535 -0.6444002 0
-6.240844 45.09063 90.73657 1

-1.344171E-06 0.9347758 0.3552385 0
0.9999999 1.206994E-06 5.960466E-07 0
1.710199E-07 0.3552386 -0.9347757 0
-5.318264 45.84965 90.71798 1

-1.36231E-06 0.8848631 0.4658517 0
1 1.213888E-06 5.986665E-07 0
6.048595E-09 0.4658517 -0.8848628 0
-5.318262 45.10726 90.43585 1

0.4470163 0.894526 6.996402E-08 0
1.004753E-07 2.800346E-08 -0.9999999 0
-0.8945256 0.4470163 -7.735957E-08 0
-6.553983 45.20742 91.54428 1

-0.02657937 0.8871284 0.4607577 0
-0.0001730582 0.4609165 -0.887444 0
-0.9996464 -0.02366743 -0.01209734 0
-5.318267 49.21885 91.05322 1

0.201019 0.9740703 -0.1038205 0
-0.9793646 0.2021015 -9.495077E-05 0
0.02088989 0.1016973 0.9945961 0
-5.417236 45.80786 92.29771 1

0.3183466 0.9479181 -0.01034959 0
-0.7601058 0.2487179 -0.6003153 0
-0.5664755 0.1989752 0.7996961 0
-6.238447 45.07962 92.0677 1

0.3189445 0.939659 -0.1237575 0
-0.9473753 0.3198659 -0.01289026 0
0.02747346 0.121356 0.9922287 0
-5.596348 44.93994 92.39022 1

-0.4610722 0.8746479 0.1496812 0
0.02219064 0.1799933 -0.9834178 0
-0.8870853 -0.450105 -0.1023989 0
-4.630875 48.03796 91.56622 1

-0.9999398 -0.01096326 -0.0004183176 0
1.421108E-06 0.03799832 -0.999278 0
0.01097129 -0.999218 -0.03799602 0
-5.261087 48.03106 91.56596 1

-0.4610718 0.874648 0.1496811 0
0.0221907 0.1799931 -0.9834178 0
-0.8870854 -0.4501047 -0.1023988 0
-4.630875 48.03796 91.56622 1

-0.4302684 0.8866028 -0.1697208 0
0.1671791 -0.1064979 -0.9801581 0
-0.8870854 -0.4501047 -0.1023988 0
-4.16283 47.15009 91.41428 1

-0.07124036 0.7639527 0.6413281 0
-0.2497701 0.6088148 -0.7529676 0
-0.9656811 -0.2138263 0.1474403 0
-3.791471 46.34565 91.29213 1

-0.3154245 0.9489298 -0.006307788 0
-0.7601594 -0.2486872 0.6002597 0
0.5680358 0.1941317 0.7997802 0
-4.659164 45.86004 92.06056 1

-0.3664338 0.9304441 6.080018E-08 0
2.446695E-07 3.101195E-08 0.9999999 0
0.930444 0.3664338 -2.39015E-07 0
-4.375064 45.94582 91.54428 1

-0.242382 0.9382159 0.2469858 0
0.6760367 -0.01926482 0.7366157 0
0.6958628 0.345514 -0.6295989 0
-4.606364 45.90379 90.95121 1

-0.1999387 0.9745324 -0.1015446 0
0.9796002 0.2009565 -0.0002114164 0
0.02020011 -0.09951539 -0.994831 0
-5.219264 45.80786 92.29771 1

-0.195406 0.9591812 0.2044214 0
0.6760364 -0.01926496 0.7366161 0
0.7104864 0.2821355 -0.6446768 0
-4.396216 45.09035 90.73708 1

-0.3159729 0.948742 -0.007080099 0
-0.7601596 -0.2486872 0.6002598 0
0.5677309 0.1950479 0.7997738 0
-4.39959 45.07913 92.06576 1

-0.4446667 0.8956962 8.10191E-08 0
2.446698E-07 3.101195E-08 0.9999999 0
0.895696 0.4446667 -2.329396E-07 0
-4.084044 45.20687 91.54428 1

-0.316494 0.9409149 -0.1204616 0
0.9482298 0.317333 -0.01266571 0
0.02630917 -0.1182338 -0.9926371 0
-5.041114 44.93953 92.38819 1

0.0282417 0.9164668 0.3991139 0
-0.2235058 0.394954 -0.8910988 0
-0.9742934 -0.06403807 0.2159899 0
-3.765316 46.06518 91.05668 1

0.5775458 0.6609379 -0.4791691 0
0.6503872 -0.7272749 -0.2192439 0
-0.4933939 -0.1850218 -0.8498999 0
-6.708929 46.36556 91.53127 1

-0.07856415 0.6091143 -0.7891823 0
-0.5521592 -0.6856996 -0.474275 0
-0.830029 0.398493 0.3901993 0
-6.627526 46.27589 91.71348 1

0.07273892 0.7710044 -0.6326628 0
-0.5529569 -0.4967455 -0.6689419 0
-0.830029 0.3984931 0.3901994 0
-6.612769 46.16148 91.86172 1

0.1578908 0.9004422 -0.405309 0
0.8448688 -0.3356545 -0.4165727 0
-0.511143 -0.2766597 -0.8137522 0
-6.946991 46.08501 91.88757 1

0.2763553 0.9381026 -0.208788 0
0.8434659 -0.3408785 -0.4151714 0
-0.4606442 -0.06137049 -0.8854612 0
-7.084611 46.01865 91.62089 1

0.134068 0.8216804 -0.5539568 0
-0.5413668 -0.4074868 -0.7354437 0
-0.8300288 0.398493 0.3901993 0
-6.626432 46.01665 91.98055 1

0.1896855 0.9305664 -0.3131557 0
0.8491719 -0.3155933 -0.4234478 0
-0.4928758 -0.1856009 -0.8500744 0
-7.01937 46.05317 91.75343 1

-0.2081882 0.9584373 -0.1950803 0
0.8339008 0.06970002 -0.5474959 0
-0.5111431 -0.2766597 -0.8137523 0
-6.977088 45.91337 91.96484 1

-0.2194644 0.9745058 0.04662998 0
0.8600247 0.2158073 -0.4623693 0
-0.4606442 -0.06137049 -0.8854612 0
-7.136571 45.84228 91.66015 1

-0.2459184 0.9668664 -0.06851652 0
0.8346245 0.1752788 -0.5221876 0
-0.4928757 -0.1856009 -0.8500744 0
-7.05947 45.85644 91.81963 1

-0.6736857 0.7169054 0.1794293 0
0.5337421 0.6399274 -0.5528231 0
-0.5111431 -0.2766598 -0.8137524 0
-6.939188 45.73888 92.00035 1

-0.677922 0.6682557 0.30636 0
0.5729125 0.7413964 -0.3494327 0
-0.4606443 -0.06137049 -0.8854612 0
-7.095384 45.65939 91.6514 1

-0.699064 0.6661655 0.2598725 0
0.5180572 0.7223413 -0.4580838 0
-0.4928758 -0.1856009 -0.8500742 0
-7.00988 45.66147 91.83345 1

-0.6538386 0.6973666 -0.2935563 0
-0.5982777 -0.7140158 -0.3636555 0
-0.4632048 -0.06214379 0.8840702 0
-3.748318 46.29596 91.57778 1

-0.06108512 0.9322749 -0.3565563 0
0.5762004 -0.2587533 -0.7752675 0
-0.8150223 -0.2528053 -0.5213714 0
-3.812663 46.1596 91.73631 1

-0.2137111 0.9675164 -0.135055 0
0.5385774 0.001349986 -0.8425749 0
-0.8150223 -0.2528053 -0.5213713 0
-3.801189 45.98449 91.80328 1

0.1562098 0.9864476 0.05020169 0
-0.8574475 0.1606603 -0.4888479 0
-0.490288 0.03331759 0.8709237 0
-3.470072 45.96406 91.85119 1

0.05653611 0.9712838 0.2311112 0
-0.9064215 0.1469808 -0.3959755 0
-0.4185731 -0.1870972 0.8887022 0
-3.341156 45.97393 91.57236 1

0.1328689 0.9814993 0.1378604 0
-0.8764862 0.1812958 -0.445986 0
-0.4627283 -0.06157513 0.8843594 0
-3.402214 45.9708 91.7112 1

-0.2725507 0.9613072 -0.0400643 0
0.511326 0.109447 -0.8523893 0
-0.8150223 -0.2528053 -0.5213714 0
-3.761046 45.80275 91.82865 1

0.7700776 0.4845324 0.4149807 0
-0.4081644 0.8741389 -0.2632175 0
-0.490288 0.03331757 0.8709238 0
-3.499849 45.77602 91.84162 1

0.8104346 0.3646746 0.4584842 0
-0.4098681 0.9121445 -0.001012915 0
-0.4185731 -0.1870972 0.8887022 0
-3.351786 45.79131 91.52891 1

0.8019726 0.39605 0.4471964 0
-0.3777865 0.9161627 -0.1338819 0
-0.4627282 -0.06157513 0.8843594 0
-3.430303 45.76331 91.68205 1

0.6977439 -0.583799 0.4151298 0
0.522275 0.8112147 0.2629824 0
-0.490288 0.03331762 0.8709237 0
-3.640044 45.68781 91.76607 1

0.7365675 -0.642387 0.211678 0
0.5312859 0.743192 0.4066957 0
-0.4185731 -0.1870972 0.8887022 0
-3.503882 45.72287 91.44286 1

0.6892833 -0.6523134 0.3152391 0
0.5574682 0.7554447 0.3442866 0
-0.4627282 -0.06157513 0.8843594 0
-3.592021 45.68344 91.59188 1

-0.693386 0.6978047 -0.1796787 0
-0.6090015 -0.7007985 -0.3714815 0
-0.3851401 -0.1481554 0.9108879 0
-3.566156 45.91397 91.67654 1

1.43826E-06 -0.9998165 -0.01916797 0
1.326231E-06 -0.01916797 0.9998164 0
-0.9999998 -1.463416E-06 1.298418E-06 0
-5.318267 48.56062 91.55444 1

0.3662664 0.8415305 0.3970844 0
0.1258513 0.378017 -0.9172053 0
-0.9219599 0.3859151 0.03254718 0
-6.005668 48.0423 91.56618 1

1.44285E-06 -0.9992501 -0.03872539 0
1.354188E-06 -0.03872539 0.9992499 0
-0.9999998 -1.494209E-06 1.297297E-06 0
-5.318265 47.46213 91.54357 1

1.416431E-06 -0.9997941 -0.02029349 0
1.327824E-06 -0.02029349 0.9997939 0
-0.9999998 -1.443086E-06 1.298806E-06 0
-5.318264 46.87624 91.53227 1

0 -1 0 0
-2.861022E-06 0 0.9999999 0
-0.9999999 0 -2.861022E-06 0
-5.318264 46.4551 91.53274 1

0.9999546 -0.009510209 -0.0003595747 0
1.406305E-06 0.03792964 -0.9992806 0
0.009516963 0.9992355 0.03792796 0
-5.375445 48.03631 91.56596 1

0.3662663 0.8415304 0.3970843 0
0.1258513 0.3780169 -0.9172053 0
-0.9219601 0.385915 0.03254714 0
-6.005667 48.04231 91.56618 1

1.7948E-06 -0.9442656 -0.3291854 0
1.838058E-06 -0.3291854 0.9442655 0
-0.9999998 -2.299829E-06 1.144792E-06 0
-5.318267 48.24855 91.44566 1

1.43826E-06 -0.9998165 -0.01916797 0
1.326231E-06 -0.01916797 0.9998164 0
-0.9999998 -1.463416E-06 1.298418E-06 0
-5.318267 48.56062 91.55444 1

0.3447194 0.8560305 -0.3852023 0
-0.1765164 -0.3439213 -0.9222582 0
-0.9219601 0.385915 0.03254711 0
-6.377472 47.18805 91.16309 1

0.01354391 0.8893588 0.45701 0
0.1813869 0.4472838 -0.8758066 0
-0.9833184 0.09475764 -0.1552599 0
-6.676797 46.34908 91.24323 1

-0.06324252 0.9772262 0.2025588 0
0.1722331 0.2106072 -0.9622791 0
-0.9830241 -0.0259695 -0.1816298 0
-6.68177 46.02257 91.07545 1

0.3161734 0.948673 -0.007332075 0
-0.7601373 0.2486989 -0.600283 0
-0.5676489 0.195367 0.7997537 0
-5.977447 45.8653 92.06056 1

0.3664308 0.9304453 5.71969E-08 0
9.839027E-08 2.272418E-08 -0.9999999 0
-0.9304451 0.3664309 -8.322013E-08 0
-6.261554 45.95108 91.54428 1

0.2415183 0.9386384 0.2462253 0
0.6760607 0.01926941 -0.7365938 0
-0.6961398 0.3443642 -0.6299226 0
-6.030134 45.90905 90.95121 1

0.1941932 0.9596575 0.2033392 0
0.6760612 0.01926927 -0.7365936 0
-0.7107955 0.2805112 -0.6450449 0
-6.239532 45.09524 90.73773 1

-1.263103E-06 0.9356441 0.3529448 0
0.9999999 1.192093E-06 4.768371E-07 0
-6.491427E-08 0.3529448 -0.935644 0
-5.318264 45.85491 90.71798 1

-1.253463E-06 0.8864363 0.4628507 0
0.9999999 1.198993E-06 4.794401E-07 0
-2.17156E-07 0.4628507 -0.8864361 0
-5.318263 45.11182 90.43768 1

0.4446638 0.8956977 6.41046E-08 0
9.839027E-08 2.272418E-08 -0.9999999 0
-0.8956974 0.4446638 -7.802362E-08 0
-6.552571 45.21212 91.54428 1

-0.01824838 0.8910207 0.4535967 0
-0.0002801558 0.4536676 -0.8911713 0
-0.9998332 -0.01638951 -0.008029072 0
-5.318267 49.22447 91.05367 1

0.2003381 0.9743619 -0.1023901 0
-0.9795132 0.2013796 -0.0001680265 0
0.02045549 0.1003261 0.9947442 0
-5.417236 45.81312 92.29771 1

0.3170041 0.9483861 -0.008502827 0
-0.7601374 0.248699 -0.600283 0
-0.5671855 0.1967556 0.7997422 0
-6.237638 45.0846 92.0666 1

0.317416 0.9404661 -0.1215357 0
-0.9479107 0.3182811 -0.01275011 0
0.0266914 0.1192521 0.9925052 0
-5.595742 44.94494 92.38895 1

-0.4596117 0.8748978 0.1526809 0
0.01195255 0.1779926 -0.9839594 0
-0.8880395 -0.4504143 -0.09226476 0
-4.630865 48.04231 91.56618 1

-0.9999546 -0.0095128 -0.0003625027 0
1.421206E-06 0.03792963 -0.9992805 0
0.009519682 -0.9992354 -0.03792794 0
-5.261087 48.03632 91.56596 1

-0.4596112 0.874898 0.1526808 0
0.01195262 0.1779925 -0.9839594 0
-0.8880398 -0.4504139 -0.09226469 0
-4.630865 48.04231 91.56618 1

-0.4311334 0.8855072 -0.1732086 0
0.1597165 -0.1140378 -0.980554 0
-0.8880397 -0.450414 -0.09226466 0
-4.164304 47.15418 91.41119 1

-0.04950325 0.7686903 0.6377031 0
-0.2573617 0.6071075 -0.7517883 0
-0.9650463 -0.2013363 0.1677776 0
-3.794246 46.34865 91.29237 1

-0.3132217 0.9496744 -0.003306726 0
-0.7602244 -0.2486475 0.6001939 0
0.5691666 0.1905077 0.7998477 0
-4.659164 45.8653 92.06056 1

-0.3634001 0.9316334 7.089716E-08 0
2.486388E-07 2.088598E-08 0.9999999 0
0.9316332 0.3634002 -2.392294E-07 0
-4.375064 45.95108 91.54428 1

-0.2404098 0.9391798 0.2452434 0
0.6760899 -0.01927158 0.7365667 0
0.6964949 0.3428846 -0.630337 0
-4.606364 45.90905 90.95121 1

-0.1985083 0.9751335 -0.09853734 0
0.9799095 0.1994428 -0.0003744938 0
0.01928769 -0.09663199 -0.9951334 0
-5.219264 45.81312 92.29771 1

-0.1926243 0.9602703 0.2019333 0
0.6760896 -0.01927172 0.736567 0
0.7111951 0.2784058 -0.6455166 0
-4.397926 45.09477 90.73859 1

-0.3129086 0.9497791 -0.00286687 0
-0.7602245 -0.2486476 0.600194 0
0.5693387 0.1899854 0.7998494 0
-4.401403 45.08378 92.06329 1

-0.4406029 0.8977024 9.080145E-08 0
2.48639E-07 2.088598E-08 0.9999999 0
0.8977022 0.4406029 -2.324055E-07 0
-4.086453 45.21119 91.54428 1

-0.3131441 0.9426358 -0.1156691 0
0.9493862 0.3138678 -0.01237862 0
0.02463656 -0.1136909 -0.9932107 0
-5.042388 44.94425 92.38551 1

0.01009454 0.9143307 0.4048431 0
-0.2367981 0.3955336 -0.8874008 0
-0.9715065 -0.08690815 0.2205046 0
-3.776072 46.06643 91.05825 1

0.5785554 0.665862 -0.4710646 0
0.6556036 -0.7232254 -0.2170935 0
-0.4852398 -0.1832307 -0.8549675 0
-6.709568 46.36337 91.53419 1

-0.06863055 0.6126596 -0.7873619 0
-0.5449179 -0.6841138 -0.4848225 0
-0.8356759 0.3957742 0.3808003 0
-6.629313 46.27321 91.71666 1

0.08193758 0.7754248 -0.6261017 0
-0.5430766 -0.492016 -0.6804326 0
-0.8356759 0.3957743 0.3808004 0
-6.616422 46.15813 91.86456 1

0.1596262 0.9038309 -0.3970011 0
0.8497968 -0.3304622 -0.4106585 0
-0.502359 -0.2718182 -0.8208229 0
-6.949368 46.08004 91.8871 1

0.2604035 0.9444119 -0.2006911 0
0.8511438 -0.3226737 -0.4140482 0
-0.4557895 -0.06299713 -0.8878558 0
-7.084392 46.01432 91.61893 1

0.1492153 0.8308715 -0.5360861 0
-0.5285649 -0.3911729 -0.7533948 0
-0.8356758 0.3957743 0.3808003 0
-6.631813 46.01247 91.98216 1

0.1813878 0.9352933 -0.303851 0
0.8556561 -0.302394 -0.4200128 0
-0.4847175 -0.1838064 -0.8551401 0
-7.020448 46.0485 91.75219 1

-0.2076064 0.9594513 -0.1906664 0
